     1.00000000000000         0.00000000000000         0.00000000000000        0.526589796822444E-03
    -1.00000000000000         0.00000000000000         0.00000000000000        0.526589796822444E-03
     0.00000000000000         1.00000000000000         0.00000000000000        0.526589796822444E-03
     0.00000000000000        -1.00000000000000         0.00000000000000        0.526589796822444E-03
     0.00000000000000         0.00000000000000         1.00000000000000        0.526589796822444E-03
     0.00000000000000         0.00000000000000        -1.00000000000000        0.526589796822444E-03
     0.00000000000000        0.707106781186548        0.707106781186548        0.254821997200261E-02
     0.00000000000000       -0.707106781186548        0.707106781186548        0.254821997200261E-02
     0.00000000000000        0.707106781186548       -0.707106781186548        0.254821997200261E-02
     0.00000000000000       -0.707106781186548       -0.707106781186548        0.254821997200261E-02
    0.707106781186548         0.00000000000000        0.707106781186548        0.254821997200261E-02
   -0.707106781186548         0.00000000000000        0.707106781186548        0.254821997200261E-02
    0.707106781186548         0.00000000000000       -0.707106781186548        0.254821997200261E-02
   -0.707106781186548         0.00000000000000       -0.707106781186548        0.254821997200261E-02
    0.707106781186548        0.707106781186548         0.00000000000000        0.254821997200261E-02
   -0.707106781186548        0.707106781186548         0.00000000000000        0.254821997200261E-02
    0.707106781186548       -0.707106781186548         0.00000000000000        0.254821997200261E-02
   -0.707106781186548       -0.707106781186548         0.00000000000000        0.254821997200261E-02
    0.577350269189626        0.577350269189626        0.577350269189626        0.251231741892731E-02
   -0.577350269189626        0.577350269189626        0.577350269189626        0.251231741892731E-02
    0.577350269189626       -0.577350269189626        0.577350269189626        0.251231741892731E-02
   -0.577350269189626       -0.577350269189626        0.577350269189626        0.251231741892731E-02
    0.577350269189626        0.577350269189626       -0.577350269189626        0.251231741892731E-02
   -0.577350269189626        0.577350269189626       -0.577350269189626        0.251231741892731E-02
    0.577350269189626       -0.577350269189626       -0.577350269189626        0.251231741892731E-02
   -0.577350269189626       -0.577350269189626       -0.577350269189626        0.251231741892731E-02
    0.690934630750911        0.690934630750911        0.212646824707552        0.253040380118636E-02
   -0.690934630750911        0.690934630750911        0.212646824707552        0.253040380118636E-02
    0.690934630750911       -0.690934630750911        0.212646824707552        0.253040380118636E-02
   -0.690934630750911       -0.690934630750911        0.212646824707552        0.253040380118636E-02
    0.690934630750911        0.690934630750911       -0.212646824707552        0.253040380118636E-02
   -0.690934630750911        0.690934630750911       -0.212646824707552        0.253040380118636E-02
    0.690934630750911       -0.690934630750911       -0.212646824707552        0.253040380118636E-02
   -0.690934630750911       -0.690934630750911       -0.212646824707552        0.253040380118636E-02
    0.690934630750911        0.212646824707552        0.690934630750911        0.253040380118636E-02
   -0.690934630750911        0.212646824707552        0.690934630750911        0.253040380118636E-02
    0.690934630750911       -0.212646824707552        0.690934630750911        0.253040380118636E-02
   -0.690934630750911       -0.212646824707552        0.690934630750911        0.253040380118636E-02
    0.690934630750911        0.212646824707552       -0.690934630750911        0.253040380118636E-02
   -0.690934630750911        0.212646824707552       -0.690934630750911        0.253040380118636E-02
    0.690934630750911       -0.212646824707552       -0.690934630750911        0.253040380118636E-02
   -0.690934630750911       -0.212646824707552       -0.690934630750911        0.253040380118636E-02
    0.212646824707552        0.690934630750911        0.690934630750911        0.253040380118636E-02
   -0.212646824707552        0.690934630750911        0.690934630750911        0.253040380118636E-02
    0.212646824707552       -0.690934630750911        0.690934630750911        0.253040380118636E-02
   -0.212646824707552       -0.690934630750911        0.690934630750911        0.253040380118636E-02
    0.212646824707552        0.690934630750911       -0.690934630750911        0.253040380118636E-02
   -0.212646824707552        0.690934630750911       -0.690934630750911        0.253040380118636E-02
    0.212646824707552       -0.690934630750911       -0.690934630750911        0.253040380118636E-02
   -0.212646824707552       -0.690934630750911       -0.690934630750911        0.253040380118636E-02
    0.177483605460916        0.177483605460916        0.967987158791473        0.201427902091853E-02
   -0.177483605460916        0.177483605460916        0.967987158791473        0.201427902091853E-02
    0.177483605460916       -0.177483605460916        0.967987158791473        0.201427902091853E-02
   -0.177483605460916       -0.177483605460916        0.967987158791473        0.201427902091853E-02
    0.177483605460916        0.177483605460916       -0.967987158791473        0.201427902091853E-02
   -0.177483605460916        0.177483605460916       -0.967987158791473        0.201427902091853E-02
    0.177483605460916       -0.177483605460916       -0.967987158791473        0.201427902091853E-02
   -0.177483605460916       -0.177483605460916       -0.967987158791473        0.201427902091853E-02
    0.177483605460916        0.967987158791473        0.177483605460916        0.201427902091853E-02
   -0.177483605460916        0.967987158791473        0.177483605460916        0.201427902091853E-02
    0.177483605460916       -0.967987158791473        0.177483605460916        0.201427902091853E-02
   -0.177483605460916       -0.967987158791473        0.177483605460916        0.201427902091853E-02
    0.177483605460916        0.967987158791473       -0.177483605460916        0.201427902091853E-02
   -0.177483605460916        0.967987158791473       -0.177483605460916        0.201427902091853E-02
    0.177483605460916       -0.967987158791473       -0.177483605460916        0.201427902091853E-02
   -0.177483605460916       -0.967987158791473       -0.177483605460916        0.201427902091853E-02
    0.967987158791473        0.177483605460916        0.177483605460916        0.201427902091853E-02
   -0.967987158791473        0.177483605460916        0.177483605460916        0.201427902091853E-02
    0.967987158791473       -0.177483605460916        0.177483605460916        0.201427902091853E-02
   -0.967987158791473       -0.177483605460916        0.177483605460916        0.201427902091853E-02
    0.967987158791473        0.177483605460916       -0.177483605460916        0.201427902091853E-02
   -0.967987158791473        0.177483605460916       -0.177483605460916        0.201427902091853E-02
    0.967987158791473       -0.177483605460916       -0.177483605460916        0.201427902091853E-02
   -0.967987158791473       -0.177483605460916       -0.177483605460916        0.201427902091853E-02
    0.491434263778475        0.491434263778475        0.719016501040843        0.250172516840294E-02
   -0.491434263778475        0.491434263778475        0.719016501040843        0.250172516840294E-02
    0.491434263778475       -0.491434263778475        0.719016501040843        0.250172516840294E-02
   -0.491434263778475       -0.491434263778475        0.719016501040843        0.250172516840294E-02
    0.491434263778475        0.491434263778475       -0.719016501040843        0.250172516840294E-02
   -0.491434263778475        0.491434263778475       -0.719016501040843        0.250172516840294E-02
    0.491434263778475       -0.491434263778475       -0.719016501040843        0.250172516840294E-02
   -0.491434263778475       -0.491434263778475       -0.719016501040843        0.250172516840294E-02
    0.491434263778475        0.719016501040843        0.491434263778475        0.250172516840294E-02
   -0.491434263778475        0.719016501040843        0.491434263778475        0.250172516840294E-02
    0.491434263778475       -0.719016501040843        0.491434263778475        0.250172516840294E-02
   -0.491434263778475       -0.719016501040843        0.491434263778475        0.250172516840294E-02
    0.491434263778475        0.719016501040843       -0.491434263778475        0.250172516840294E-02
   -0.491434263778475        0.719016501040843       -0.491434263778475        0.250172516840294E-02
    0.491434263778475       -0.719016501040843       -0.491434263778475        0.250172516840294E-02
   -0.491434263778475       -0.719016501040843       -0.491434263778475        0.250172516840294E-02
    0.719016501040843        0.491434263778475        0.491434263778475        0.250172516840294E-02
   -0.719016501040843        0.491434263778475        0.491434263778475        0.250172516840294E-02
    0.719016501040843       -0.491434263778475        0.491434263778475        0.250172516840294E-02
   -0.719016501040843       -0.491434263778475        0.491434263778475        0.250172516840294E-02
    0.719016501040843        0.491434263778475       -0.491434263778475        0.250172516840294E-02
   -0.719016501040843        0.491434263778475       -0.491434263778475        0.250172516840294E-02
    0.719016501040843       -0.491434263778475       -0.491434263778475        0.250172516840294E-02
   -0.719016501040843       -0.491434263778475       -0.491434263778475        0.250172516840294E-02
    0.645666470742426        0.645666470742426        0.407712664897770        0.251326717459756E-02
   -0.645666470742426        0.645666470742426        0.407712664897770        0.251326717459756E-02
    0.645666470742426       -0.645666470742426        0.407712664897770        0.251326717459756E-02
   -0.645666470742426       -0.645666470742426        0.407712664897770        0.251326717459756E-02
    0.645666470742426        0.645666470742426       -0.407712664897770        0.251326717459756E-02
   -0.645666470742426        0.645666470742426       -0.407712664897770        0.251326717459756E-02
    0.645666470742426       -0.645666470742426       -0.407712664897770        0.251326717459756E-02
   -0.645666470742426       -0.645666470742426       -0.407712664897770        0.251326717459756E-02
    0.645666470742426        0.407712664897770        0.645666470742426        0.251326717459756E-02
   -0.645666470742426        0.407712664897770        0.645666470742426        0.251326717459756E-02
    0.645666470742426       -0.407712664897770        0.645666470742426        0.251326717459756E-02
   -0.645666470742426       -0.407712664897770        0.645666470742426        0.251326717459756E-02
    0.645666470742426        0.407712664897770       -0.645666470742426        0.251326717459756E-02
   -0.645666470742426        0.407712664897770       -0.645666470742426        0.251326717459756E-02
    0.645666470742426       -0.407712664897770       -0.645666470742426        0.251326717459756E-02
   -0.645666470742426       -0.407712664897770       -0.645666470742426        0.251326717459756E-02
    0.407712664897770        0.645666470742426        0.645666470742426        0.251326717459756E-02
   -0.407712664897770        0.645666470742426        0.645666470742426        0.251326717459756E-02
    0.407712664897770       -0.645666470742426        0.645666470742426        0.251326717459756E-02
   -0.407712664897770       -0.645666470742426        0.645666470742426        0.251326717459756E-02
    0.407712664897770        0.645666470742426       -0.645666470742426        0.251326717459756E-02
   -0.407712664897770        0.645666470742426       -0.645666470742426        0.251326717459756E-02
    0.407712664897770       -0.645666470742426       -0.645666470742426        0.251326717459756E-02
   -0.407712664897770       -0.645666470742426       -0.645666470742426        0.251326717459756E-02
    0.286128901030764        0.286128901030764        0.914472801120872        0.230269478222742E-02
   -0.286128901030764        0.286128901030764        0.914472801120872        0.230269478222742E-02
    0.286128901030764       -0.286128901030764        0.914472801120872        0.230269478222742E-02
   -0.286128901030764       -0.286128901030764        0.914472801120872        0.230269478222742E-02
    0.286128901030764        0.286128901030764       -0.914472801120872        0.230269478222742E-02
   -0.286128901030764        0.286128901030764       -0.914472801120872        0.230269478222742E-02
    0.286128901030764       -0.286128901030764       -0.914472801120872        0.230269478222742E-02
   -0.286128901030764       -0.286128901030764       -0.914472801120872        0.230269478222742E-02
    0.286128901030764        0.914472801120872        0.286128901030764        0.230269478222742E-02
   -0.286128901030764        0.914472801120872        0.286128901030764        0.230269478222742E-02
    0.286128901030764       -0.914472801120872        0.286128901030764        0.230269478222742E-02
   -0.286128901030764       -0.914472801120872        0.286128901030764        0.230269478222742E-02
    0.286128901030764        0.914472801120872       -0.286128901030764        0.230269478222742E-02
   -0.286128901030764        0.914472801120872       -0.286128901030764        0.230269478222742E-02
    0.286128901030764       -0.914472801120872       -0.286128901030764        0.230269478222742E-02
   -0.286128901030764       -0.914472801120872       -0.286128901030764        0.230269478222742E-02
    0.914472801120872        0.286128901030764        0.286128901030764        0.230269478222742E-02
   -0.914472801120872        0.286128901030764        0.286128901030764        0.230269478222742E-02
    0.914472801120872       -0.286128901030764        0.286128901030764        0.230269478222742E-02
   -0.914472801120872       -0.286128901030764        0.286128901030764        0.230269478222742E-02
    0.914472801120872        0.286128901030764       -0.286128901030764        0.230269478222742E-02
   -0.914472801120872        0.286128901030764       -0.286128901030764        0.230269478222742E-02
    0.914472801120872       -0.286128901030764       -0.286128901030764        0.230269478222742E-02
   -0.914472801120872       -0.286128901030764       -0.286128901030764        0.230269478222742E-02
    0.756808436717802E-01    0.756808436717802E-01    0.994255912631278        0.146249562159461E-02
   -0.756808436717802E-01    0.756808436717802E-01    0.994255912631278        0.146249562159461E-02
    0.756808436717802E-01   -0.756808436717802E-01    0.994255912631278        0.146249562159461E-02
   -0.756808436717802E-01   -0.756808436717802E-01    0.994255912631278        0.146249562159461E-02
    0.756808436717802E-01    0.756808436717802E-01   -0.994255912631278        0.146249562159461E-02
   -0.756808436717802E-01    0.756808436717802E-01   -0.994255912631278        0.146249562159461E-02
    0.756808436717802E-01   -0.756808436717802E-01   -0.994255912631278        0.146249562159461E-02
   -0.756808436717802E-01   -0.756808436717802E-01   -0.994255912631278        0.146249562159461E-02
    0.756808436717802E-01    0.994255912631278        0.756808436717802E-01    0.146249562159461E-02
   -0.756808436717802E-01    0.994255912631278        0.756808436717802E-01    0.146249562159461E-02
    0.756808436717802E-01   -0.994255912631278        0.756808436717802E-01    0.146249562159461E-02
   -0.756808436717802E-01   -0.994255912631278        0.756808436717802E-01    0.146249562159461E-02
    0.756808436717802E-01    0.994255912631278       -0.756808436717802E-01    0.146249562159461E-02
   -0.756808436717802E-01    0.994255912631278       -0.756808436717802E-01    0.146249562159461E-02
    0.756808436717802E-01   -0.994255912631278       -0.756808436717802E-01    0.146249562159461E-02
   -0.756808436717802E-01   -0.994255912631278       -0.756808436717802E-01    0.146249562159461E-02
    0.994255912631278        0.756808436717802E-01    0.756808436717802E-01    0.146249562159461E-02
   -0.994255912631278        0.756808436717802E-01    0.756808436717802E-01    0.146249562159461E-02
    0.994255912631278       -0.756808436717802E-01    0.756808436717802E-01    0.146249562159461E-02
   -0.994255912631278       -0.756808436717802E-01    0.756808436717802E-01    0.146249562159461E-02
    0.994255912631278        0.756808436717802E-01   -0.756808436717802E-01    0.146249562159461E-02
   -0.994255912631278        0.756808436717802E-01   -0.756808436717802E-01    0.146249562159461E-02
    0.994255912631278       -0.756808436717802E-01   -0.756808436717802E-01    0.146249562159461E-02
   -0.994255912631278       -0.756808436717802E-01   -0.756808436717802E-01    0.146249562159461E-02
    0.392725976336800        0.392725976336800        0.831584400419232        0.244537343731298E-02
   -0.392725976336800        0.392725976336800        0.831584400419232        0.244537343731298E-02
    0.392725976336800       -0.392725976336800        0.831584400419232        0.244537343731298E-02
   -0.392725976336800       -0.392725976336800        0.831584400419232        0.244537343731298E-02
    0.392725976336800        0.392725976336800       -0.831584400419232        0.244537343731298E-02
   -0.392725976336800        0.392725976336800       -0.831584400419232        0.244537343731298E-02
    0.392725976336800       -0.392725976336800       -0.831584400419232        0.244537343731298E-02
   -0.392725976336800       -0.392725976336800       -0.831584400419232        0.244537343731298E-02
    0.392725976336800        0.831584400419232        0.392725976336800        0.244537343731298E-02
   -0.392725976336800        0.831584400419232        0.392725976336800        0.244537343731298E-02
    0.392725976336800       -0.831584400419232        0.392725976336800        0.244537343731298E-02
   -0.392725976336800       -0.831584400419232        0.392725976336800        0.244537343731298E-02
    0.392725976336800        0.831584400419232       -0.392725976336800        0.244537343731298E-02
   -0.392725976336800        0.831584400419232       -0.392725976336800        0.244537343731298E-02
    0.392725976336800       -0.831584400419232       -0.392725976336800        0.244537343731298E-02
   -0.392725976336800       -0.831584400419232       -0.392725976336800        0.244537343731298E-02
    0.831584400419232        0.392725976336800        0.392725976336800        0.244537343731298E-02
   -0.831584400419232        0.392725976336800        0.392725976336800        0.244537343731298E-02
    0.831584400419232       -0.392725976336800        0.392725976336800        0.244537343731298E-02
   -0.831584400419232       -0.392725976336800        0.392725976336800        0.244537343731298E-02
    0.831584400419232        0.392725976336800       -0.392725976336800        0.244537343731298E-02
   -0.831584400419232        0.392725976336800       -0.392725976336800        0.244537343731298E-02
    0.831584400419232       -0.392725976336800       -0.392725976336800        0.244537343731298E-02
   -0.831584400419232       -0.392725976336800       -0.392725976336800        0.244537343731298E-02
    0.881813287779429        0.471598691151316         0.00000000000000        0.241744237563898E-02
   -0.881813287779429        0.471598691151316         0.00000000000000        0.241744237563898E-02
    0.881813287779429       -0.471598691151316         0.00000000000000        0.241744237563898E-02
   -0.881813287779429       -0.471598691151316         0.00000000000000        0.241744237563898E-02
    0.471598691151316        0.881813287779429         0.00000000000000        0.241744237563898E-02
   -0.471598691151316        0.881813287779429         0.00000000000000        0.241744237563898E-02
    0.471598691151316       -0.881813287779429         0.00000000000000        0.241744237563898E-02
   -0.471598691151316       -0.881813287779429         0.00000000000000        0.241744237563898E-02
    0.881813287779429         0.00000000000000        0.471598691151316        0.241744237563898E-02
   -0.881813287779429         0.00000000000000        0.471598691151316        0.241744237563898E-02
    0.881813287779429         0.00000000000000       -0.471598691151316        0.241744237563898E-02
   -0.881813287779429         0.00000000000000       -0.471598691151316        0.241744237563898E-02
    0.471598691151316         0.00000000000000        0.881813287779429        0.241744237563898E-02
   -0.471598691151316         0.00000000000000        0.881813287779429        0.241744237563898E-02
    0.471598691151316         0.00000000000000       -0.881813287779429        0.241744237563898E-02
   -0.471598691151316         0.00000000000000       -0.881813287779429        0.241744237563898E-02
     0.00000000000000        0.881813287779429        0.471598691151316        0.241744237563898E-02
     0.00000000000000       -0.881813287779429        0.471598691151316        0.241744237563898E-02
     0.00000000000000        0.881813287779429       -0.471598691151316        0.241744237563898E-02
     0.00000000000000       -0.881813287779429       -0.471598691151316        0.241744237563898E-02
     0.00000000000000        0.471598691151316        0.881813287779429        0.241744237563898E-02
     0.00000000000000       -0.471598691151316        0.881813287779429        0.241744237563898E-02
     0.00000000000000        0.471598691151316       -0.881813287779429        0.241744237563898E-02
     0.00000000000000       -0.471598691151316       -0.881813287779429        0.241744237563898E-02
    0.977642811118265        0.210272522857307         0.00000000000000        0.191095128217953E-02
   -0.977642811118265        0.210272522857307         0.00000000000000        0.191095128217953E-02
    0.977642811118265       -0.210272522857307         0.00000000000000        0.191095128217953E-02
   -0.977642811118265       -0.210272522857307         0.00000000000000        0.191095128217953E-02
    0.210272522857307        0.977642811118265         0.00000000000000        0.191095128217953E-02
   -0.210272522857307        0.977642811118265         0.00000000000000        0.191095128217953E-02
    0.210272522857307       -0.977642811118265         0.00000000000000        0.191095128217953E-02
   -0.210272522857307       -0.977642811118265         0.00000000000000        0.191095128217953E-02
    0.977642811118265         0.00000000000000        0.210272522857307        0.191095128217953E-02
   -0.977642811118265         0.00000000000000        0.210272522857307        0.191095128217953E-02
    0.977642811118265         0.00000000000000       -0.210272522857307        0.191095128217953E-02
   -0.977642811118265         0.00000000000000       -0.210272522857307        0.191095128217953E-02
    0.210272522857307         0.00000000000000        0.977642811118265        0.191095128217953E-02
   -0.210272522857307         0.00000000000000        0.977642811118265        0.191095128217953E-02
    0.210272522857307         0.00000000000000       -0.977642811118265        0.191095128217953E-02
   -0.210272522857307         0.00000000000000       -0.977642811118265        0.191095128217953E-02
     0.00000000000000        0.977642811118265        0.210272522857307        0.191095128217953E-02
     0.00000000000000       -0.977642811118265        0.210272522857307        0.191095128217953E-02
     0.00000000000000        0.977642811118265       -0.210272522857307        0.191095128217953E-02
     0.00000000000000       -0.977642811118265       -0.210272522857307        0.191095128217953E-02
     0.00000000000000        0.210272522857307        0.977642811118265        0.191095128217953E-02
     0.00000000000000       -0.210272522857307        0.977642811118265        0.191095128217953E-02
     0.00000000000000        0.210272522857307       -0.977642811118265        0.191095128217953E-02
     0.00000000000000       -0.210272522857307       -0.977642811118265        0.191095128217953E-02
    0.205482369640304        0.868946032287241        0.450233038258262        0.241693004432478E-02
   -0.205482369640304        0.868946032287241        0.450233038258262        0.241693004432478E-02
    0.205482369640304       -0.868946032287241        0.450233038258262        0.241693004432478E-02
   -0.205482369640304       -0.868946032287241        0.450233038258262        0.241693004432478E-02
    0.205482369640304        0.868946032287241       -0.450233038258262        0.241693004432478E-02
   -0.205482369640304        0.868946032287241       -0.450233038258262        0.241693004432478E-02
    0.205482369640304       -0.868946032287241       -0.450233038258262        0.241693004432478E-02
   -0.205482369640304       -0.868946032287241       -0.450233038258262        0.241693004432478E-02
    0.205482369640304        0.450233038258262        0.868946032287241        0.241693004432478E-02
   -0.205482369640304        0.450233038258262        0.868946032287241        0.241693004432478E-02
    0.205482369640304       -0.450233038258262        0.868946032287241        0.241693004432478E-02
   -0.205482369640304       -0.450233038258262        0.868946032287241        0.241693004432478E-02
    0.205482369640304        0.450233038258262       -0.868946032287241        0.241693004432478E-02
   -0.205482369640304        0.450233038258262       -0.868946032287241        0.241693004432478E-02
    0.205482369640304       -0.450233038258262       -0.868946032287241        0.241693004432478E-02
   -0.205482369640304       -0.450233038258262       -0.868946032287241        0.241693004432478E-02
    0.868946032287241        0.205482369640304        0.450233038258262        0.241693004432478E-02
   -0.868946032287241        0.205482369640304        0.450233038258262        0.241693004432478E-02
    0.868946032287241       -0.205482369640304        0.450233038258262        0.241693004432478E-02
   -0.868946032287241       -0.205482369640304        0.450233038258262        0.241693004432478E-02
    0.868946032287241        0.205482369640304       -0.450233038258262        0.241693004432478E-02
   -0.868946032287241        0.205482369640304       -0.450233038258262        0.241693004432478E-02
    0.868946032287241       -0.205482369640304       -0.450233038258262        0.241693004432478E-02
   -0.868946032287241       -0.205482369640304       -0.450233038258262        0.241693004432478E-02
    0.868946032287241        0.450233038258262        0.205482369640304        0.241693004432478E-02
   -0.868946032287241        0.450233038258262        0.205482369640304        0.241693004432478E-02
    0.868946032287241       -0.450233038258262        0.205482369640304        0.241693004432478E-02
   -0.868946032287241       -0.450233038258262        0.205482369640304        0.241693004432478E-02
    0.868946032287241        0.450233038258262       -0.205482369640304        0.241693004432478E-02
   -0.868946032287241        0.450233038258262       -0.205482369640304        0.241693004432478E-02
    0.868946032287241       -0.450233038258262       -0.205482369640304        0.241693004432478E-02
   -0.868946032287241       -0.450233038258262       -0.205482369640304        0.241693004432478E-02
    0.450233038258262        0.205482369640304        0.868946032287241        0.241693004432478E-02
   -0.450233038258262        0.205482369640304        0.868946032287241        0.241693004432478E-02
    0.450233038258262       -0.205482369640304        0.868946032287241        0.241693004432478E-02
   -0.450233038258262       -0.205482369640304        0.868946032287241        0.241693004432478E-02
    0.450233038258262        0.205482369640304       -0.868946032287241        0.241693004432478E-02
   -0.450233038258262        0.205482369640304       -0.868946032287241        0.241693004432478E-02
    0.450233038258262       -0.205482369640304       -0.868946032287241        0.241693004432478E-02
   -0.450233038258262       -0.205482369640304       -0.868946032287241        0.241693004432478E-02
    0.450233038258262        0.868946032287241        0.205482369640304        0.241693004432478E-02
   -0.450233038258262        0.868946032287241        0.205482369640304        0.241693004432478E-02
    0.450233038258262       -0.868946032287241        0.205482369640304        0.241693004432478E-02
   -0.450233038258262       -0.868946032287241        0.205482369640304        0.241693004432478E-02
    0.450233038258262        0.868946032287241       -0.205482369640304        0.241693004432478E-02
   -0.450233038258262        0.868946032287241       -0.205482369640304        0.241693004432478E-02
    0.450233038258262       -0.868946032287241       -0.205482369640304        0.241693004432478E-02
   -0.450233038258262       -0.868946032287241       -0.205482369640304        0.241693004432478E-02
    0.590515704892527        0.799927854385729        0.106801826075805        0.251223685456350E-02
   -0.590515704892527        0.799927854385729        0.106801826075805        0.251223685456350E-02
    0.590515704892527       -0.799927854385729        0.106801826075805        0.251223685456350E-02
   -0.590515704892527       -0.799927854385729        0.106801826075805        0.251223685456350E-02
    0.590515704892527        0.799927854385729       -0.106801826075805        0.251223685456350E-02
   -0.590515704892527        0.799927854385729       -0.106801826075805        0.251223685456350E-02
    0.590515704892527       -0.799927854385729       -0.106801826075805        0.251223685456350E-02
   -0.590515704892527       -0.799927854385729       -0.106801826075805        0.251223685456350E-02
    0.590515704892527        0.106801826075805        0.799927854385729        0.251223685456350E-02
   -0.590515704892527        0.106801826075805        0.799927854385729        0.251223685456350E-02
    0.590515704892527       -0.106801826075805        0.799927854385729        0.251223685456350E-02
   -0.590515704892527       -0.106801826075805        0.799927854385729        0.251223685456350E-02
    0.590515704892527        0.106801826075805       -0.799927854385729        0.251223685456350E-02
   -0.590515704892527        0.106801826075805       -0.799927854385729        0.251223685456350E-02
    0.590515704892527       -0.106801826075805       -0.799927854385729        0.251223685456350E-02
   -0.590515704892527       -0.106801826075805       -0.799927854385729        0.251223685456350E-02
    0.799927854385729        0.590515704892527        0.106801826075805        0.251223685456350E-02
   -0.799927854385729        0.590515704892527        0.106801826075805        0.251223685456350E-02
    0.799927854385729       -0.590515704892527        0.106801826075805        0.251223685456350E-02
   -0.799927854385729       -0.590515704892527        0.106801826075805        0.251223685456350E-02
    0.799927854385729        0.590515704892527       -0.106801826075805        0.251223685456350E-02
   -0.799927854385729        0.590515704892527       -0.106801826075805        0.251223685456350E-02
    0.799927854385729       -0.590515704892527       -0.106801826075805        0.251223685456350E-02
   -0.799927854385729       -0.590515704892527       -0.106801826075805        0.251223685456350E-02
    0.799927854385729        0.106801826075805        0.590515704892527        0.251223685456350E-02
   -0.799927854385729        0.106801826075805        0.590515704892527        0.251223685456350E-02
    0.799927854385729       -0.106801826075805        0.590515704892527        0.251223685456350E-02
   -0.799927854385729       -0.106801826075805        0.590515704892527        0.251223685456350E-02
    0.799927854385729        0.106801826075805       -0.590515704892527        0.251223685456350E-02
   -0.799927854385729        0.106801826075805       -0.590515704892527        0.251223685456350E-02
    0.799927854385729       -0.106801826075805       -0.590515704892527        0.251223685456350E-02
   -0.799927854385729       -0.106801826075805       -0.590515704892527        0.251223685456350E-02
    0.106801826075805        0.590515704892527        0.799927854385729        0.251223685456350E-02
   -0.106801826075805        0.590515704892527        0.799927854385729        0.251223685456350E-02
    0.106801826075805       -0.590515704892527        0.799927854385729        0.251223685456350E-02
   -0.106801826075805       -0.590515704892527        0.799927854385729        0.251223685456350E-02
    0.106801826075805        0.590515704892527       -0.799927854385729        0.251223685456350E-02
   -0.106801826075805        0.590515704892527       -0.799927854385729        0.251223685456350E-02
    0.106801826075805       -0.590515704892527       -0.799927854385729        0.251223685456350E-02
   -0.106801826075805       -0.590515704892527       -0.799927854385729        0.251223685456350E-02
    0.106801826075805        0.799927854385729        0.590515704892527        0.251223685456350E-02
   -0.106801826075805        0.799927854385729        0.590515704892527        0.251223685456350E-02
    0.106801826075805       -0.799927854385729        0.590515704892527        0.251223685456350E-02
   -0.106801826075805       -0.799927854385729        0.590515704892527        0.251223685456350E-02
    0.106801826075805        0.799927854385729       -0.590515704892527        0.251223685456350E-02
   -0.106801826075805        0.799927854385729       -0.590515704892527        0.251223685456350E-02
    0.106801826075805       -0.799927854385729       -0.590515704892527        0.251223685456350E-02
   -0.106801826075805       -0.799927854385729       -0.590515704892527        0.251223685456350E-02
    0.555015236107681        0.771746262691590        0.310428403516654        0.249664405455309E-02
   -0.555015236107681        0.771746262691590        0.310428403516654        0.249664405455309E-02
    0.555015236107681       -0.771746262691590        0.310428403516654        0.249664405455309E-02
   -0.555015236107681       -0.771746262691590        0.310428403516654        0.249664405455309E-02
    0.555015236107681        0.771746262691590       -0.310428403516654        0.249664405455309E-02
   -0.555015236107681        0.771746262691590       -0.310428403516654        0.249664405455309E-02
    0.555015236107681       -0.771746262691590       -0.310428403516654        0.249664405455309E-02
   -0.555015236107681       -0.771746262691590       -0.310428403516654        0.249664405455309E-02
    0.555015236107681        0.310428403516654        0.771746262691590        0.249664405455309E-02
   -0.555015236107681        0.310428403516654        0.771746262691590        0.249664405455309E-02
    0.555015236107681       -0.310428403516654        0.771746262691590        0.249664405455309E-02
   -0.555015236107681       -0.310428403516654        0.771746262691590        0.249664405455309E-02
    0.555015236107681        0.310428403516654       -0.771746262691590        0.249664405455309E-02
   -0.555015236107681        0.310428403516654       -0.771746262691590        0.249664405455309E-02
    0.555015236107681       -0.310428403516654       -0.771746262691590        0.249664405455309E-02
   -0.555015236107681       -0.310428403516654       -0.771746262691590        0.249664405455309E-02
    0.771746262691590        0.555015236107681        0.310428403516654        0.249664405455309E-02
   -0.771746262691590        0.555015236107681        0.310428403516654        0.249664405455309E-02
    0.771746262691590       -0.555015236107681        0.310428403516654        0.249664405455309E-02
   -0.771746262691590       -0.555015236107681        0.310428403516654        0.249664405455309E-02
    0.771746262691590        0.555015236107681       -0.310428403516654        0.249664405455309E-02
   -0.771746262691590        0.555015236107681       -0.310428403516654        0.249664405455309E-02
    0.771746262691590       -0.555015236107681       -0.310428403516654        0.249664405455309E-02
   -0.771746262691590       -0.555015236107681       -0.310428403516654        0.249664405455309E-02
    0.771746262691590        0.310428403516654        0.555015236107681        0.249664405455309E-02
   -0.771746262691590        0.310428403516654        0.555015236107681        0.249664405455309E-02
    0.771746262691590       -0.310428403516654        0.555015236107681        0.249664405455309E-02
   -0.771746262691590       -0.310428403516654        0.555015236107681        0.249664405455309E-02
    0.771746262691590        0.310428403516654       -0.555015236107681        0.249664405455309E-02
   -0.771746262691590        0.310428403516654       -0.555015236107681        0.249664405455309E-02
    0.771746262691590       -0.310428403516654       -0.555015236107681        0.249664405455309E-02
   -0.771746262691590       -0.310428403516654       -0.555015236107681        0.249664405455309E-02
    0.310428403516654        0.555015236107681        0.771746262691590        0.249664405455309E-02
   -0.310428403516654        0.555015236107681        0.771746262691590        0.249664405455309E-02
    0.310428403516654       -0.555015236107681        0.771746262691590        0.249664405455309E-02
   -0.310428403516654       -0.555015236107681        0.771746262691590        0.249664405455309E-02
    0.310428403516654        0.555015236107681       -0.771746262691590        0.249664405455309E-02
   -0.310428403516654        0.555015236107681       -0.771746262691590        0.249664405455309E-02
    0.310428403516654       -0.555015236107681       -0.771746262691590        0.249664405455309E-02
   -0.310428403516654       -0.555015236107681       -0.771746262691590        0.249664405455309E-02
    0.310428403516654        0.771746262691590        0.555015236107681        0.249664405455309E-02
   -0.310428403516654        0.771746262691590        0.555015236107681        0.249664405455309E-02
    0.310428403516654       -0.771746262691590        0.555015236107681        0.249664405455309E-02
   -0.310428403516654       -0.771746262691590        0.555015236107681        0.249664405455309E-02
    0.310428403516654        0.771746262691590       -0.555015236107681        0.249664405455309E-02
   -0.310428403516654        0.771746262691590       -0.555015236107681        0.249664405455309E-02
    0.310428403516654       -0.771746262691590       -0.555015236107681        0.249664405455309E-02
   -0.310428403516654       -0.771746262691590       -0.555015236107681        0.249664405455309E-02
    0.937180985855372        0.334436314534346        0.992176963642925E-01    0.223660776043785E-02
   -0.937180985855372        0.334436314534346        0.992176963642925E-01    0.223660776043785E-02
    0.937180985855372       -0.334436314534346        0.992176963642925E-01    0.223660776043785E-02
   -0.937180985855372       -0.334436314534346        0.992176963642925E-01    0.223660776043785E-02
    0.937180985855372        0.334436314534346       -0.992176963642925E-01    0.223660776043785E-02
   -0.937180985855372        0.334436314534346       -0.992176963642925E-01    0.223660776043785E-02
    0.937180985855372       -0.334436314534346       -0.992176963642925E-01    0.223660776043785E-02
   -0.937180985855372       -0.334436314534346       -0.992176963642925E-01    0.223660776043785E-02
    0.937180985855372        0.992176963642925E-01    0.334436314534346        0.223660776043785E-02
   -0.937180985855372        0.992176963642925E-01    0.334436314534346        0.223660776043785E-02
    0.937180985855372       -0.992176963642925E-01    0.334436314534346        0.223660776043785E-02
   -0.937180985855372       -0.992176963642925E-01    0.334436314534346        0.223660776043785E-02
    0.937180985855372        0.992176963642925E-01   -0.334436314534346        0.223660776043785E-02
   -0.937180985855372        0.992176963642925E-01   -0.334436314534346        0.223660776043785E-02
    0.937180985855372       -0.992176963642925E-01   -0.334436314534346        0.223660776043785E-02
   -0.937180985855372       -0.992176963642925E-01   -0.334436314534346        0.223660776043785E-02
    0.334436314534346        0.937180985855372        0.992176963642925E-01    0.223660776043785E-02
   -0.334436314534346        0.937180985855372        0.992176963642925E-01    0.223660776043785E-02
    0.334436314534346       -0.937180985855372        0.992176963642925E-01    0.223660776043785E-02
   -0.334436314534346       -0.937180985855372        0.992176963642925E-01    0.223660776043785E-02
    0.334436314534346        0.937180985855372       -0.992176963642925E-01    0.223660776043785E-02
   -0.334436314534346        0.937180985855372       -0.992176963642925E-01    0.223660776043785E-02
    0.334436314534346       -0.937180985855372       -0.992176963642925E-01    0.223660776043785E-02
   -0.334436314534346       -0.937180985855372       -0.992176963642925E-01    0.223660776043785E-02
    0.334436314534346        0.992176963642925E-01    0.937180985855372        0.223660776043785E-02
   -0.334436314534346        0.992176963642925E-01    0.937180985855372        0.223660776043785E-02
    0.334436314534346       -0.992176963642925E-01    0.937180985855372        0.223660776043785E-02
   -0.334436314534346       -0.992176963642925E-01    0.937180985855372        0.223660776043785E-02
    0.334436314534346        0.992176963642925E-01   -0.937180985855372        0.223660776043785E-02
   -0.334436314534346        0.992176963642925E-01   -0.937180985855372        0.223660776043785E-02
    0.334436314534346       -0.992176963642925E-01   -0.937180985855372        0.223660776043785E-02
   -0.334436314534346       -0.992176963642925E-01   -0.937180985855372        0.223660776043785E-02
    0.992176963642925E-01    0.937180985855372        0.334436314534346        0.223660776043785E-02
   -0.992176963642925E-01    0.937180985855372        0.334436314534346        0.223660776043785E-02
    0.992176963642925E-01   -0.937180985855372        0.334436314534346        0.223660776043785E-02
   -0.992176963642925E-01   -0.937180985855372        0.334436314534346        0.223660776043785E-02
    0.992176963642925E-01    0.937180985855372       -0.334436314534346        0.223660776043785E-02
   -0.992176963642925E-01    0.937180985855372       -0.334436314534346        0.223660776043785E-02
    0.992176963642925E-01   -0.937180985855372       -0.334436314534346        0.223660776043785E-02
   -0.992176963642925E-01   -0.937180985855372       -0.334436314534346        0.223660776043785E-02
    0.992176963642925E-01    0.334436314534346        0.937180985855372        0.223660776043785E-02
   -0.992176963642925E-01    0.334436314534346        0.937180985855372        0.223660776043785E-02
    0.992176963642925E-01   -0.334436314534346        0.937180985855372        0.223660776043785E-02
   -0.992176963642925E-01   -0.334436314534346        0.937180985855372        0.223660776043785E-02
    0.992176963642925E-01    0.334436314534346       -0.937180985855372        0.223660776043785E-02
   -0.992176963642925E-01    0.334436314534346       -0.937180985855372        0.223660776043785E-02
    0.992176963642925E-01   -0.334436314534346       -0.937180985855372        0.223660776043785E-02
   -0.992176963642925E-01   -0.334436314534346       -0.937180985855372        0.223660776043785E-02
