     1.00000000000000         0.00000000000000         0.00000000000000        0.309512129530619E-03
    -1.00000000000000         0.00000000000000         0.00000000000000        0.309512129530619E-03
     0.00000000000000         1.00000000000000         0.00000000000000        0.309512129530619E-03
     0.00000000000000        -1.00000000000000         0.00000000000000        0.309512129530619E-03
     0.00000000000000         0.00000000000000         1.00000000000000        0.309512129530619E-03
     0.00000000000000         0.00000000000000        -1.00000000000000        0.309512129530619E-03
    0.577350269189626        0.577350269189626        0.577350269189626        0.185237969859749E-02
   -0.577350269189626        0.577350269189626        0.577350269189626        0.185237969859749E-02
    0.577350269189626       -0.577350269189626        0.577350269189626        0.185237969859749E-02
   -0.577350269189626       -0.577350269189626        0.577350269189626        0.185237969859749E-02
    0.577350269189626        0.577350269189626       -0.577350269189626        0.185237969859749E-02
   -0.577350269189626        0.577350269189626       -0.577350269189626        0.185237969859749E-02
    0.577350269189626       -0.577350269189626       -0.577350269189626        0.185237969859749E-02
   -0.577350269189626       -0.577350269189626       -0.577350269189626        0.185237969859749E-02
    0.704095493822747        0.704095493822747        0.921904070768983E-01    0.187179063927774E-02
   -0.704095493822747        0.704095493822747        0.921904070768983E-01    0.187179063927774E-02
    0.704095493822747       -0.704095493822747        0.921904070768983E-01    0.187179063927774E-02
   -0.704095493822747       -0.704095493822747        0.921904070768983E-01    0.187179063927774E-02
    0.704095493822747        0.704095493822747       -0.921904070768983E-01    0.187179063927774E-02
   -0.704095493822747        0.704095493822747       -0.921904070768983E-01    0.187179063927774E-02
    0.704095493822747       -0.704095493822747       -0.921904070768983E-01    0.187179063927774E-02
   -0.704095493822747       -0.704095493822747       -0.921904070768983E-01    0.187179063927774E-02
    0.704095493822747        0.921904070768983E-01    0.704095493822747        0.187179063927774E-02
   -0.704095493822747        0.921904070768983E-01    0.704095493822747        0.187179063927774E-02
    0.704095493822747       -0.921904070768983E-01    0.704095493822747        0.187179063927774E-02
   -0.704095493822747       -0.921904070768983E-01    0.704095493822747        0.187179063927774E-02
    0.704095493822747        0.921904070768983E-01   -0.704095493822747        0.187179063927774E-02
   -0.704095493822747        0.921904070768983E-01   -0.704095493822747        0.187179063927774E-02
    0.704095493822747       -0.921904070768983E-01   -0.704095493822747        0.187179063927774E-02
   -0.704095493822747       -0.921904070768983E-01   -0.704095493822747        0.187179063927774E-02
    0.921904070768983E-01    0.704095493822747        0.704095493822747        0.187179063927774E-02
   -0.921904070768983E-01    0.704095493822747        0.704095493822747        0.187179063927774E-02
    0.921904070768983E-01   -0.704095493822747        0.704095493822747        0.187179063927774E-02
   -0.921904070768983E-01   -0.704095493822747        0.704095493822747        0.187179063927774E-02
    0.921904070768983E-01    0.704095493822747       -0.704095493822747        0.187179063927774E-02
   -0.921904070768983E-01    0.704095493822747       -0.704095493822747        0.187179063927774E-02
    0.921904070768983E-01   -0.704095493822747       -0.704095493822747        0.187179063927774E-02
   -0.921904070768983E-01   -0.704095493822747       -0.704095493822747        0.187179063927774E-02
    0.680774406645524        0.680774406645524        0.270356088359165        0.185881258543832E-02
   -0.680774406645524        0.680774406645524        0.270356088359165        0.185881258543832E-02
    0.680774406645524       -0.680774406645524        0.270356088359165        0.185881258543832E-02
   -0.680774406645524       -0.680774406645524        0.270356088359165        0.185881258543832E-02
    0.680774406645524        0.680774406645524       -0.270356088359165        0.185881258543832E-02
   -0.680774406645524        0.680774406645524       -0.270356088359165        0.185881258543832E-02
    0.680774406645524       -0.680774406645524       -0.270356088359165        0.185881258543832E-02
   -0.680774406645524       -0.680774406645524       -0.270356088359165        0.185881258543832E-02
    0.680774406645524        0.270356088359165        0.680774406645524        0.185881258543832E-02
   -0.680774406645524        0.270356088359165        0.680774406645524        0.185881258543832E-02
    0.680774406645524       -0.270356088359165        0.680774406645524        0.185881258543832E-02
   -0.680774406645524       -0.270356088359165        0.680774406645524        0.185881258543832E-02
    0.680774406645524        0.270356088359165       -0.680774406645524        0.185881258543832E-02
   -0.680774406645524        0.270356088359165       -0.680774406645524        0.185881258543832E-02
    0.680774406645524       -0.270356088359165       -0.680774406645524        0.185881258543832E-02
   -0.680774406645524       -0.270356088359165       -0.680774406645524        0.185881258543832E-02
    0.270356088359165        0.680774406645524        0.680774406645524        0.185881258543832E-02
   -0.270356088359165        0.680774406645524        0.680774406645524        0.185881258543832E-02
    0.270356088359165       -0.680774406645524        0.680774406645524        0.185881258543832E-02
   -0.270356088359165       -0.680774406645524        0.680774406645524        0.185881258543832E-02
    0.270356088359165        0.680774406645524       -0.680774406645524        0.185881258543832E-02
   -0.270356088359165        0.680774406645524       -0.680774406645524        0.185881258543832E-02
    0.270356088359165       -0.680774406645524       -0.680774406645524        0.185881258543832E-02
   -0.270356088359165       -0.680774406645524       -0.680774406645524        0.185881258543832E-02
    0.637254693925875        0.637254693925875        0.433373868777154        0.185202882829621E-02
   -0.637254693925875        0.637254693925875        0.433373868777154        0.185202882829621E-02
    0.637254693925875       -0.637254693925875        0.433373868777154        0.185202882829621E-02
   -0.637254693925875       -0.637254693925875        0.433373868777154        0.185202882829621E-02
    0.637254693925875        0.637254693925875       -0.433373868777154        0.185202882829621E-02
   -0.637254693925875        0.637254693925875       -0.433373868777154        0.185202882829621E-02
    0.637254693925875       -0.637254693925875       -0.433373868777154        0.185202882829621E-02
   -0.637254693925875       -0.637254693925875       -0.433373868777154        0.185202882829621E-02
    0.637254693925875        0.433373868777154        0.637254693925875        0.185202882829621E-02
   -0.637254693925875        0.433373868777154        0.637254693925875        0.185202882829621E-02
    0.637254693925875       -0.433373868777154        0.637254693925875        0.185202882829621E-02
   -0.637254693925875       -0.433373868777154        0.637254693925875        0.185202882829621E-02
    0.637254693925875        0.433373868777154       -0.637254693925875        0.185202882829621E-02
   -0.637254693925875        0.433373868777154       -0.637254693925875        0.185202882829621E-02
    0.637254693925875       -0.433373868777154       -0.637254693925875        0.185202882829621E-02
   -0.637254693925875       -0.433373868777154       -0.637254693925875        0.185202882829621E-02
    0.433373868777154        0.637254693925875        0.637254693925875        0.185202882829621E-02
   -0.433373868777154        0.637254693925875        0.637254693925875        0.185202882829621E-02
    0.433373868777154       -0.637254693925875        0.637254693925875        0.185202882829621E-02
   -0.433373868777154       -0.637254693925875        0.637254693925875        0.185202882829621E-02
    0.433373868777154        0.637254693925875       -0.637254693925875        0.185202882829621E-02
   -0.433373868777154        0.637254693925875       -0.637254693925875        0.185202882829621E-02
    0.433373868777154       -0.637254693925875       -0.637254693925875        0.185202882829621E-02
   -0.433373868777154       -0.637254693925875       -0.637254693925875        0.185202882829621E-02
    0.504441970780036        0.504441970780036        0.700768575373573        0.184671595615124E-02
   -0.504441970780036        0.504441970780036        0.700768575373573        0.184671595615124E-02
    0.504441970780036       -0.504441970780036        0.700768575373573        0.184671595615124E-02
   -0.504441970780036       -0.504441970780036        0.700768575373573        0.184671595615124E-02
    0.504441970780036        0.504441970780036       -0.700768575373573        0.184671595615124E-02
   -0.504441970780036        0.504441970780036       -0.700768575373573        0.184671595615124E-02
    0.504441970780036       -0.504441970780036       -0.700768575373573        0.184671595615124E-02
   -0.504441970780036       -0.504441970780036       -0.700768575373573        0.184671595615124E-02
    0.504441970780036        0.700768575373573        0.504441970780036        0.184671595615124E-02
   -0.504441970780036        0.700768575373573        0.504441970780036        0.184671595615124E-02
    0.504441970780036       -0.700768575373573        0.504441970780036        0.184671595615124E-02
   -0.504441970780036       -0.700768575373573        0.504441970780036        0.184671595615124E-02
    0.504441970780036        0.700768575373573       -0.504441970780036        0.184671595615124E-02
   -0.504441970780036        0.700768575373573       -0.504441970780036        0.184671595615124E-02
    0.504441970780036       -0.700768575373573       -0.504441970780036        0.184671595615124E-02
   -0.504441970780036       -0.700768575373573       -0.504441970780036        0.184671595615124E-02
    0.700768575373573        0.504441970780036        0.504441970780036        0.184671595615124E-02
   -0.700768575373573        0.504441970780036        0.504441970780036        0.184671595615124E-02
    0.700768575373573       -0.504441970780036        0.504441970780036        0.184671595615124E-02
   -0.700768575373573       -0.504441970780036        0.504441970780036        0.184671595615124E-02
    0.700768575373573        0.504441970780036       -0.504441970780036        0.184671595615124E-02
   -0.700768575373573        0.504441970780036       -0.504441970780036        0.184671595615124E-02
    0.700768575373573       -0.504441970780036       -0.504441970780036        0.184671595615124E-02
   -0.700768575373573       -0.504441970780036       -0.504441970780036        0.184671595615124E-02
    0.421576178401097        0.421576178401097        0.802836877335274        0.181847177816277E-02
   -0.421576178401097        0.421576178401097        0.802836877335274        0.181847177816277E-02
    0.421576178401097       -0.421576178401097        0.802836877335274        0.181847177816277E-02
   -0.421576178401097       -0.421576178401097        0.802836877335274        0.181847177816277E-02
    0.421576178401097        0.421576178401097       -0.802836877335274        0.181847177816277E-02
   -0.421576178401097        0.421576178401097       -0.802836877335274        0.181847177816277E-02
    0.421576178401097       -0.421576178401097       -0.802836877335274        0.181847177816277E-02
   -0.421576178401097       -0.421576178401097       -0.802836877335274        0.181847177816277E-02
    0.421576178401097        0.802836877335274        0.421576178401097        0.181847177816277E-02
   -0.421576178401097        0.802836877335274        0.421576178401097        0.181847177816277E-02
    0.421576178401097       -0.802836877335274        0.421576178401097        0.181847177816277E-02
   -0.421576178401097       -0.802836877335274        0.421576178401097        0.181847177816277E-02
    0.421576178401097        0.802836877335274       -0.421576178401097        0.181847177816277E-02
   -0.421576178401097        0.802836877335274       -0.421576178401097        0.181847177816277E-02
    0.421576178401097       -0.802836877335274       -0.421576178401097        0.181847177816277E-02
   -0.421576178401097       -0.802836877335274       -0.421576178401097        0.181847177816277E-02
    0.802836877335274        0.421576178401097        0.421576178401097        0.181847177816277E-02
   -0.802836877335274        0.421576178401097        0.421576178401097        0.181847177816277E-02
    0.802836877335274       -0.421576178401097        0.421576178401097        0.181847177816277E-02
   -0.802836877335274       -0.421576178401097        0.421576178401097        0.181847177816277E-02
    0.802836877335274        0.421576178401097       -0.421576178401097        0.181847177816277E-02
   -0.802836877335274        0.421576178401097       -0.421576178401097        0.181847177816277E-02
    0.802836877335274       -0.421576178401097       -0.421576178401097        0.181847177816277E-02
   -0.802836877335274       -0.421576178401097       -0.421576178401097        0.181847177816277E-02
    0.331792073647212        0.331792073647212        0.883078727934133        0.174956465728115E-02
   -0.331792073647212        0.331792073647212        0.883078727934133        0.174956465728115E-02
    0.331792073647212       -0.331792073647212        0.883078727934133        0.174956465728115E-02
   -0.331792073647212       -0.331792073647212        0.883078727934133        0.174956465728115E-02
    0.331792073647212        0.331792073647212       -0.883078727934133        0.174956465728115E-02
   -0.331792073647212        0.331792073647212       -0.883078727934133        0.174956465728115E-02
    0.331792073647212       -0.331792073647212       -0.883078727934133        0.174956465728115E-02
   -0.331792073647212       -0.331792073647212       -0.883078727934133        0.174956465728115E-02
    0.331792073647212        0.883078727934133        0.331792073647212        0.174956465728115E-02
   -0.331792073647212        0.883078727934133        0.331792073647212        0.174956465728115E-02
    0.331792073647212       -0.883078727934133        0.331792073647212        0.174956465728115E-02
   -0.331792073647212       -0.883078727934133        0.331792073647212        0.174956465728115E-02
    0.331792073647212        0.883078727934133       -0.331792073647212        0.174956465728115E-02
   -0.331792073647212        0.883078727934133       -0.331792073647212        0.174956465728115E-02
    0.331792073647212       -0.883078727934133       -0.331792073647212        0.174956465728115E-02
   -0.331792073647212       -0.883078727934133       -0.331792073647212        0.174956465728115E-02
    0.883078727934133        0.331792073647212        0.331792073647212        0.174956465728115E-02
   -0.883078727934133        0.331792073647212        0.331792073647212        0.174956465728115E-02
    0.883078727934133       -0.331792073647212        0.331792073647212        0.174956465728115E-02
   -0.883078727934133       -0.331792073647212        0.331792073647212        0.174956465728115E-02
    0.883078727934133        0.331792073647212       -0.331792073647212        0.174956465728115E-02
   -0.883078727934133        0.331792073647212       -0.331792073647212        0.174956465728115E-02
    0.883078727934133       -0.331792073647212       -0.331792073647212        0.174956465728115E-02
   -0.883078727934133       -0.331792073647212       -0.331792073647212        0.174956465728115E-02
    0.238473670142189        0.238473670142189        0.941414158220403        0.161721064725441E-02
   -0.238473670142189        0.238473670142189        0.941414158220403        0.161721064725441E-02
    0.238473670142189       -0.238473670142189        0.941414158220403        0.161721064725441E-02
   -0.238473670142189       -0.238473670142189        0.941414158220403        0.161721064725441E-02
    0.238473670142189        0.238473670142189       -0.941414158220403        0.161721064725441E-02
   -0.238473670142189        0.238473670142189       -0.941414158220403        0.161721064725441E-02
    0.238473670142189       -0.238473670142189       -0.941414158220403        0.161721064725441E-02
   -0.238473670142189       -0.238473670142189       -0.941414158220403        0.161721064725441E-02
    0.238473670142189        0.941414158220403        0.238473670142189        0.161721064725441E-02
   -0.238473670142189        0.941414158220403        0.238473670142189        0.161721064725441E-02
    0.238473670142189       -0.941414158220403        0.238473670142189        0.161721064725441E-02
   -0.238473670142189       -0.941414158220403        0.238473670142189        0.161721064725441E-02
    0.238473670142189        0.941414158220403       -0.238473670142189        0.161721064725441E-02
   -0.238473670142189        0.941414158220403       -0.238473670142189        0.161721064725441E-02
    0.238473670142189       -0.941414158220403       -0.238473670142189        0.161721064725441E-02
   -0.238473670142189       -0.941414158220403       -0.238473670142189        0.161721064725441E-02
    0.941414158220403        0.238473670142189        0.238473670142189        0.161721064725441E-02
   -0.941414158220403        0.238473670142189        0.238473670142189        0.161721064725441E-02
    0.941414158220403       -0.238473670142189        0.238473670142189        0.161721064725441E-02
   -0.941414158220403       -0.238473670142189        0.238473670142189        0.161721064725441E-02
    0.941414158220403        0.238473670142189       -0.238473670142189        0.161721064725441E-02
   -0.941414158220403        0.238473670142189       -0.238473670142189        0.161721064725441E-02
    0.941414158220403       -0.238473670142189       -0.238473670142189        0.161721064725441E-02
   -0.941414158220403       -0.238473670142189       -0.238473670142189        0.161721064725441E-02
    0.145903644915776        0.145903644915776        0.978480583762694        0.138473723485169E-02
   -0.145903644915776        0.145903644915776        0.978480583762694        0.138473723485169E-02
    0.145903644915776       -0.145903644915776        0.978480583762694        0.138473723485169E-02
   -0.145903644915776       -0.145903644915776        0.978480583762694        0.138473723485169E-02
    0.145903644915776        0.145903644915776       -0.978480583762694        0.138473723485169E-02
   -0.145903644915776        0.145903644915776       -0.978480583762694        0.138473723485169E-02
    0.145903644915776       -0.145903644915776       -0.978480583762694        0.138473723485169E-02
   -0.145903644915776       -0.145903644915776       -0.978480583762694        0.138473723485169E-02
    0.145903644915776        0.978480583762694        0.145903644915776        0.138473723485169E-02
   -0.145903644915776        0.978480583762694        0.145903644915776        0.138473723485169E-02
    0.145903644915776       -0.978480583762694        0.145903644915776        0.138473723485169E-02
   -0.145903644915776       -0.978480583762694        0.145903644915776        0.138473723485169E-02
    0.145903644915776        0.978480583762694       -0.145903644915776        0.138473723485169E-02
   -0.145903644915776        0.978480583762694       -0.145903644915776        0.138473723485169E-02
    0.145903644915776       -0.978480583762694       -0.145903644915776        0.138473723485169E-02
   -0.145903644915776       -0.978480583762694       -0.145903644915776        0.138473723485169E-02
    0.978480583762694        0.145903644915776        0.145903644915776        0.138473723485169E-02
   -0.978480583762694        0.145903644915776        0.145903644915776        0.138473723485169E-02
    0.978480583762694       -0.145903644915776        0.145903644915776        0.138473723485169E-02
   -0.978480583762694       -0.145903644915776        0.145903644915776        0.138473723485169E-02
    0.978480583762694        0.145903644915776       -0.145903644915776        0.138473723485169E-02
   -0.978480583762694        0.145903644915776       -0.145903644915776        0.138473723485169E-02
    0.978480583762694       -0.145903644915776       -0.145903644915776        0.138473723485169E-02
   -0.978480583762694       -0.145903644915776       -0.145903644915776        0.138473723485169E-02
    0.609503411550720E-01    0.609503411550720E-01    0.996278129754016        0.976433116505105E-03
   -0.609503411550720E-01    0.609503411550720E-01    0.996278129754016        0.976433116505105E-03
    0.609503411550720E-01   -0.609503411550720E-01    0.996278129754016        0.976433116505105E-03
   -0.609503411550720E-01   -0.609503411550720E-01    0.996278129754016        0.976433116505105E-03
    0.609503411550720E-01    0.609503411550720E-01   -0.996278129754016        0.976433116505105E-03
   -0.609503411550720E-01    0.609503411550720E-01   -0.996278129754016        0.976433116505105E-03
    0.609503411550720E-01   -0.609503411550720E-01   -0.996278129754016        0.976433116505105E-03
   -0.609503411550720E-01   -0.609503411550720E-01   -0.996278129754016        0.976433116505105E-03
    0.609503411550720E-01    0.996278129754016        0.609503411550720E-01    0.976433116505105E-03
   -0.609503411550720E-01    0.996278129754016        0.609503411550720E-01    0.976433116505105E-03
    0.609503411550720E-01   -0.996278129754016        0.609503411550720E-01    0.976433116505105E-03
   -0.609503411550720E-01   -0.996278129754016        0.609503411550720E-01    0.976433116505105E-03
    0.609503411550720E-01    0.996278129754016       -0.609503411550720E-01    0.976433116505105E-03
   -0.609503411550720E-01    0.996278129754016       -0.609503411550720E-01    0.976433116505105E-03
    0.609503411550720E-01   -0.996278129754016       -0.609503411550720E-01    0.976433116505105E-03
   -0.609503411550720E-01   -0.996278129754016       -0.609503411550720E-01    0.976433116505105E-03
    0.996278129754016        0.609503411550720E-01    0.609503411550720E-01    0.976433116505105E-03
   -0.996278129754016        0.609503411550720E-01    0.609503411550720E-01    0.976433116505105E-03
    0.996278129754016       -0.609503411550720E-01    0.609503411550720E-01    0.976433116505105E-03
   -0.996278129754016       -0.609503411550720E-01    0.609503411550720E-01    0.976433116505105E-03
    0.996278129754016        0.609503411550720E-01   -0.609503411550720E-01    0.976433116505105E-03
   -0.996278129754016        0.609503411550720E-01   -0.609503411550720E-01    0.976433116505105E-03
    0.996278129754016       -0.609503411550720E-01   -0.609503411550720E-01    0.976433116505105E-03
   -0.996278129754016       -0.609503411550720E-01   -0.609503411550720E-01    0.976433116505105E-03
    0.611684344200988        0.791101929626902         0.00000000000000        0.185716119677408E-02
   -0.611684344200988        0.791101929626902         0.00000000000000        0.185716119677408E-02
    0.611684344200988       -0.791101929626902         0.00000000000000        0.185716119677408E-02
   -0.611684344200988       -0.791101929626902         0.00000000000000        0.185716119677408E-02
    0.791101929626902        0.611684344200988         0.00000000000000        0.185716119677408E-02
   -0.791101929626902        0.611684344200988         0.00000000000000        0.185716119677408E-02
    0.791101929626902       -0.611684344200988         0.00000000000000        0.185716119677408E-02
   -0.791101929626902       -0.611684344200988         0.00000000000000        0.185716119677408E-02
    0.611684344200988         0.00000000000000        0.791101929626902        0.185716119677408E-02
   -0.611684344200988         0.00000000000000        0.791101929626902        0.185716119677408E-02
    0.611684344200988         0.00000000000000       -0.791101929626902        0.185716119677408E-02
   -0.611684344200988         0.00000000000000       -0.791101929626902        0.185716119677408E-02
    0.791101929626902         0.00000000000000        0.611684344200988        0.185716119677408E-02
   -0.791101929626902         0.00000000000000        0.611684344200988        0.185716119677408E-02
    0.791101929626902         0.00000000000000       -0.611684344200988        0.185716119677408E-02
   -0.791101929626902         0.00000000000000       -0.611684344200988        0.185716119677408E-02
     0.00000000000000        0.611684344200988        0.791101929626902        0.185716119677408E-02
     0.00000000000000       -0.611684344200988        0.791101929626902        0.185716119677408E-02
     0.00000000000000        0.611684344200988       -0.791101929626902        0.185716119677408E-02
     0.00000000000000       -0.611684344200988       -0.791101929626902        0.185716119677408E-02
     0.00000000000000        0.791101929626902        0.611684344200988        0.185716119677408E-02
     0.00000000000000       -0.791101929626902        0.611684344200988        0.185716119677408E-02
     0.00000000000000        0.791101929626902       -0.611684344200988        0.185716119677408E-02
     0.00000000000000       -0.791101929626902       -0.611684344200988        0.185716119677408E-02
    0.396475534819986        0.918045287711454         0.00000000000000        0.170515399639586E-02
   -0.396475534819986        0.918045287711454         0.00000000000000        0.170515399639586E-02
    0.396475534819986       -0.918045287711454         0.00000000000000        0.170515399639586E-02
   -0.396475534819986       -0.918045287711454         0.00000000000000        0.170515399639586E-02
    0.918045287711454        0.396475534819986         0.00000000000000        0.170515399639586E-02
   -0.918045287711454        0.396475534819986         0.00000000000000        0.170515399639586E-02
    0.918045287711454       -0.396475534819986         0.00000000000000        0.170515399639586E-02
   -0.918045287711454       -0.396475534819986         0.00000000000000        0.170515399639586E-02
    0.396475534819986         0.00000000000000        0.918045287711454        0.170515399639586E-02
   -0.396475534819986         0.00000000000000        0.918045287711454        0.170515399639586E-02
    0.396475534819986         0.00000000000000       -0.918045287711454        0.170515399639586E-02
   -0.396475534819986         0.00000000000000       -0.918045287711454        0.170515399639586E-02
    0.918045287711454         0.00000000000000        0.396475534819986        0.170515399639586E-02
   -0.918045287711454         0.00000000000000        0.396475534819986        0.170515399639586E-02
    0.918045287711454         0.00000000000000       -0.396475534819986        0.170515399639586E-02
   -0.918045287711454         0.00000000000000       -0.396475534819986        0.170515399639586E-02
     0.00000000000000        0.396475534819986        0.918045287711454        0.170515399639586E-02
     0.00000000000000       -0.396475534819986        0.918045287711454        0.170515399639586E-02
     0.00000000000000        0.396475534819986       -0.918045287711454        0.170515399639586E-02
     0.00000000000000       -0.396475534819986       -0.918045287711454        0.170515399639586E-02
     0.00000000000000        0.918045287711454        0.396475534819986        0.170515399639586E-02
     0.00000000000000       -0.918045287711454        0.396475534819986        0.170515399639586E-02
     0.00000000000000        0.918045287711454       -0.396475534819986        0.170515399639586E-02
     0.00000000000000       -0.918045287711454       -0.396475534819986        0.170515399639586E-02
    0.172478200990772        0.985013335028002         0.00000000000000        0.130032168588605E-02
   -0.172478200990772        0.985013335028002         0.00000000000000        0.130032168588605E-02
    0.172478200990772       -0.985013335028002         0.00000000000000        0.130032168588605E-02
   -0.172478200990772       -0.985013335028002         0.00000000000000        0.130032168588605E-02
    0.985013335028002        0.172478200990772         0.00000000000000        0.130032168588605E-02
   -0.985013335028002        0.172478200990772         0.00000000000000        0.130032168588605E-02
    0.985013335028002       -0.172478200990772         0.00000000000000        0.130032168588605E-02
   -0.985013335028002       -0.172478200990772         0.00000000000000        0.130032168588605E-02
    0.172478200990772         0.00000000000000        0.985013335028002        0.130032168588605E-02
   -0.172478200990772         0.00000000000000        0.985013335028002        0.130032168588605E-02
    0.172478200990772         0.00000000000000       -0.985013335028002        0.130032168588605E-02
   -0.172478200990772         0.00000000000000       -0.985013335028002        0.130032168588605E-02
    0.985013335028002         0.00000000000000        0.172478200990772        0.130032168588605E-02
   -0.985013335028002         0.00000000000000        0.172478200990772        0.130032168588605E-02
    0.985013335028002         0.00000000000000       -0.172478200990772        0.130032168588605E-02
   -0.985013335028002         0.00000000000000       -0.172478200990772        0.130032168588605E-02
     0.00000000000000        0.172478200990772        0.985013335028002        0.130032168588605E-02
     0.00000000000000       -0.172478200990772        0.985013335028002        0.130032168588605E-02
     0.00000000000000        0.172478200990772       -0.985013335028002        0.130032168588605E-02
     0.00000000000000       -0.172478200990772       -0.985013335028002        0.130032168588605E-02
     0.00000000000000        0.985013335028002        0.172478200990772        0.130032168588605E-02
     0.00000000000000       -0.985013335028002        0.172478200990772        0.130032168588605E-02
     0.00000000000000        0.985013335028002       -0.172478200990772        0.130032168588605E-02
     0.00000000000000       -0.985013335028002       -0.172478200990772        0.130032168588605E-02
    0.561026380862206        0.351828092773352        0.749310611904116        0.184286647290529E-02
   -0.561026380862206        0.351828092773352        0.749310611904116        0.184286647290529E-02
    0.561026380862206       -0.351828092773352        0.749310611904116        0.184286647290529E-02
   -0.561026380862206       -0.351828092773352        0.749310611904116        0.184286647290529E-02
    0.561026380862206        0.351828092773352       -0.749310611904116        0.184286647290529E-02
   -0.561026380862206        0.351828092773352       -0.749310611904116        0.184286647290529E-02
    0.561026380862206       -0.351828092773352       -0.749310611904116        0.184286647290529E-02
   -0.561026380862206       -0.351828092773352       -0.749310611904116        0.184286647290529E-02
    0.561026380862206        0.749310611904116        0.351828092773352        0.184286647290529E-02
   -0.561026380862206        0.749310611904116        0.351828092773352        0.184286647290529E-02
    0.561026380862206       -0.749310611904116        0.351828092773352        0.184286647290529E-02
   -0.561026380862206       -0.749310611904116        0.351828092773352        0.184286647290529E-02
    0.561026380862206        0.749310611904116       -0.351828092773352        0.184286647290529E-02
   -0.561026380862206        0.749310611904116       -0.351828092773352        0.184286647290529E-02
    0.561026380862206       -0.749310611904116       -0.351828092773352        0.184286647290529E-02
   -0.561026380862206       -0.749310611904116       -0.351828092773352        0.184286647290529E-02
    0.351828092773352        0.561026380862206        0.749310611904116        0.184286647290529E-02
   -0.351828092773352        0.561026380862206        0.749310611904116        0.184286647290529E-02
    0.351828092773352       -0.561026380862206        0.749310611904116        0.184286647290529E-02
   -0.351828092773352       -0.561026380862206        0.749310611904116        0.184286647290529E-02
    0.351828092773352        0.561026380862206       -0.749310611904116        0.184286647290529E-02
   -0.351828092773352        0.561026380862206       -0.749310611904116        0.184286647290529E-02
    0.351828092773352       -0.561026380862206       -0.749310611904116        0.184286647290529E-02
   -0.351828092773352       -0.561026380862206       -0.749310611904116        0.184286647290529E-02
    0.351828092773352        0.749310611904116        0.561026380862206        0.184286647290529E-02
   -0.351828092773352        0.749310611904116        0.561026380862206        0.184286647290529E-02
    0.351828092773352       -0.749310611904116        0.561026380862206        0.184286647290529E-02
   -0.351828092773352       -0.749310611904116        0.561026380862206        0.184286647290529E-02
    0.351828092773352        0.749310611904116       -0.561026380862206        0.184286647290529E-02
   -0.351828092773352        0.749310611904116       -0.561026380862206        0.184286647290529E-02
    0.351828092773352       -0.749310611904116       -0.561026380862206        0.184286647290529E-02
   -0.351828092773352       -0.749310611904116       -0.561026380862206        0.184286647290529E-02
    0.749310611904116        0.561026380862206        0.351828092773352        0.184286647290529E-02
   -0.749310611904116        0.561026380862206        0.351828092773352        0.184286647290529E-02
    0.749310611904116       -0.561026380862206        0.351828092773352        0.184286647290529E-02
   -0.749310611904116       -0.561026380862206        0.351828092773352        0.184286647290529E-02
    0.749310611904116        0.561026380862206       -0.351828092773352        0.184286647290529E-02
   -0.749310611904116        0.561026380862206       -0.351828092773352        0.184286647290529E-02
    0.749310611904116       -0.561026380862206       -0.351828092773352        0.184286647290529E-02
   -0.749310611904116       -0.561026380862206       -0.351828092773352        0.184286647290529E-02
    0.749310611904116        0.351828092773352        0.561026380862206        0.184286647290529E-02
   -0.749310611904116        0.351828092773352        0.561026380862206        0.184286647290529E-02
    0.749310611904116       -0.351828092773352        0.561026380862206        0.184286647290529E-02
   -0.749310611904116       -0.351828092773352        0.561026380862206        0.184286647290529E-02
    0.749310611904116        0.351828092773352       -0.561026380862206        0.184286647290529E-02
   -0.749310611904116        0.351828092773352       -0.561026380862206        0.184286647290529E-02
    0.749310611904116       -0.351828092773352       -0.561026380862206        0.184286647290529E-02
   -0.749310611904116       -0.351828092773352       -0.561026380862206        0.184286647290529E-02
    0.474239284255198        0.263471665593795        0.840047488359050        0.180265893437745E-02
   -0.474239284255198        0.263471665593795        0.840047488359050        0.180265893437745E-02
    0.474239284255198       -0.263471665593795        0.840047488359050        0.180265893437745E-02
   -0.474239284255198       -0.263471665593795        0.840047488359050        0.180265893437745E-02
    0.474239284255198        0.263471665593795       -0.840047488359050        0.180265893437745E-02
   -0.474239284255198        0.263471665593795       -0.840047488359050        0.180265893437745E-02
    0.474239284255198       -0.263471665593795       -0.840047488359050        0.180265893437745E-02
   -0.474239284255198       -0.263471665593795       -0.840047488359050        0.180265893437745E-02
    0.474239284255198        0.840047488359050        0.263471665593795        0.180265893437745E-02
   -0.474239284255198        0.840047488359050        0.263471665593795        0.180265893437745E-02
    0.474239284255198       -0.840047488359050        0.263471665593795        0.180265893437745E-02
   -0.474239284255198       -0.840047488359050        0.263471665593795        0.180265893437745E-02
    0.474239284255198        0.840047488359050       -0.263471665593795        0.180265893437745E-02
   -0.474239284255198        0.840047488359050       -0.263471665593795        0.180265893437745E-02
    0.474239284255198       -0.840047488359050       -0.263471665593795        0.180265893437745E-02
   -0.474239284255198       -0.840047488359050       -0.263471665593795        0.180265893437745E-02
    0.263471665593795        0.474239284255198        0.840047488359050        0.180265893437745E-02
   -0.263471665593795        0.474239284255198        0.840047488359050        0.180265893437745E-02
    0.263471665593795       -0.474239284255198        0.840047488359050        0.180265893437745E-02
   -0.263471665593795       -0.474239284255198        0.840047488359050        0.180265893437745E-02
    0.263471665593795        0.474239284255198       -0.840047488359050        0.180265893437745E-02
   -0.263471665593795        0.474239284255198       -0.840047488359050        0.180265893437745E-02
    0.263471665593795       -0.474239284255198       -0.840047488359050        0.180265893437745E-02
   -0.263471665593795       -0.474239284255198       -0.840047488359050        0.180265893437745E-02
    0.263471665593795        0.840047488359050        0.474239284255198        0.180265893437745E-02
   -0.263471665593795        0.840047488359050        0.474239284255198        0.180265893437745E-02
    0.263471665593795       -0.840047488359050        0.474239284255198        0.180265893437745E-02
   -0.263471665593795       -0.840047488359050        0.474239284255198        0.180265893437745E-02
    0.263471665593795        0.840047488359050       -0.474239284255198        0.180265893437745E-02
   -0.263471665593795        0.840047488359050       -0.474239284255198        0.180265893437745E-02
    0.263471665593795       -0.840047488359050       -0.474239284255198        0.180265893437745E-02
   -0.263471665593795       -0.840047488359050       -0.474239284255198        0.180265893437745E-02
    0.840047488359050        0.474239284255198        0.263471665593795        0.180265893437745E-02
   -0.840047488359050        0.474239284255198        0.263471665593795        0.180265893437745E-02
    0.840047488359050       -0.474239284255198        0.263471665593795        0.180265893437745E-02
   -0.840047488359050       -0.474239284255198        0.263471665593795        0.180265893437745E-02
    0.840047488359050        0.474239284255198       -0.263471665593795        0.180265893437745E-02
   -0.840047488359050        0.474239284255198       -0.263471665593795        0.180265893437745E-02
    0.840047488359050       -0.474239284255198       -0.263471665593795        0.180265893437745E-02
   -0.840047488359050       -0.474239284255198       -0.263471665593795        0.180265893437745E-02
    0.840047488359050        0.263471665593795        0.474239284255198        0.180265893437745E-02
   -0.840047488359050        0.263471665593795        0.474239284255198        0.180265893437745E-02
    0.840047488359050       -0.263471665593795        0.474239284255198        0.180265893437745E-02
   -0.840047488359050       -0.263471665593795        0.474239284255198        0.180265893437745E-02
    0.840047488359050        0.263471665593795       -0.474239284255198        0.180265893437745E-02
   -0.840047488359050        0.263471665593795       -0.474239284255198        0.180265893437745E-02
    0.840047488359050       -0.263471665593795       -0.474239284255198        0.180265893437745E-02
   -0.840047488359050       -0.263471665593795       -0.474239284255198        0.180265893437745E-02
    0.598412649788538        0.181664084036021        0.780320742479920        0.184983056044366E-02
   -0.598412649788538        0.181664084036021        0.780320742479920        0.184983056044366E-02
    0.598412649788538       -0.181664084036021        0.780320742479920        0.184983056044366E-02
   -0.598412649788538       -0.181664084036021        0.780320742479920        0.184983056044366E-02
    0.598412649788538        0.181664084036021       -0.780320742479920        0.184983056044366E-02
   -0.598412649788538        0.181664084036021       -0.780320742479920        0.184983056044366E-02
    0.598412649788538       -0.181664084036021       -0.780320742479920        0.184983056044366E-02
   -0.598412649788538       -0.181664084036021       -0.780320742479920        0.184983056044366E-02
    0.598412649788538        0.780320742479920        0.181664084036021        0.184983056044366E-02
   -0.598412649788538        0.780320742479920        0.181664084036021        0.184983056044366E-02
    0.598412649788538       -0.780320742479920        0.181664084036021        0.184983056044366E-02
   -0.598412649788538       -0.780320742479920        0.181664084036021        0.184983056044366E-02
    0.598412649788538        0.780320742479920       -0.181664084036021        0.184983056044366E-02
   -0.598412649788538        0.780320742479920       -0.181664084036021        0.184983056044366E-02
    0.598412649788538       -0.780320742479920       -0.181664084036021        0.184983056044366E-02
   -0.598412649788538       -0.780320742479920       -0.181664084036021        0.184983056044366E-02
    0.181664084036021        0.598412649788538        0.780320742479920        0.184983056044366E-02
   -0.181664084036021        0.598412649788538        0.780320742479920        0.184983056044366E-02
    0.181664084036021       -0.598412649788538        0.780320742479920        0.184983056044366E-02
   -0.181664084036021       -0.598412649788538        0.780320742479920        0.184983056044366E-02
    0.181664084036021        0.598412649788538       -0.780320742479920        0.184983056044366E-02
   -0.181664084036021        0.598412649788538       -0.780320742479920        0.184983056044366E-02
    0.181664084036021       -0.598412649788538       -0.780320742479920        0.184983056044366E-02
   -0.181664084036021       -0.598412649788538       -0.780320742479920        0.184983056044366E-02
    0.181664084036021        0.780320742479920        0.598412649788538        0.184983056044366E-02
   -0.181664084036021        0.780320742479920        0.598412649788538        0.184983056044366E-02
    0.181664084036021       -0.780320742479920        0.598412649788538        0.184983056044366E-02
   -0.181664084036021       -0.780320742479920        0.598412649788538        0.184983056044366E-02
    0.181664084036021        0.780320742479920       -0.598412649788538        0.184983056044366E-02
   -0.181664084036021        0.780320742479920       -0.598412649788538        0.184983056044366E-02
    0.181664084036021       -0.780320742479920       -0.598412649788538        0.184983056044366E-02
   -0.181664084036021       -0.780320742479920       -0.598412649788538        0.184983056044366E-02
    0.780320742479920        0.598412649788538        0.181664084036021        0.184983056044366E-02
   -0.780320742479920        0.598412649788538        0.181664084036021        0.184983056044366E-02
    0.780320742479920       -0.598412649788538        0.181664084036021        0.184983056044366E-02
   -0.780320742479920       -0.598412649788538        0.181664084036021        0.184983056044366E-02
    0.780320742479920        0.598412649788538       -0.181664084036021        0.184983056044366E-02
   -0.780320742479920        0.598412649788538       -0.181664084036021        0.184983056044366E-02
    0.780320742479920       -0.598412649788538       -0.181664084036021        0.184983056044366E-02
   -0.780320742479920       -0.598412649788538       -0.181664084036021        0.184983056044366E-02
    0.780320742479920        0.181664084036021        0.598412649788538        0.184983056044366E-02
   -0.780320742479920        0.181664084036021        0.598412649788538        0.184983056044366E-02
    0.780320742479920       -0.181664084036021        0.598412649788538        0.184983056044366E-02
   -0.780320742479920       -0.181664084036021        0.598412649788538        0.184983056044366E-02
    0.780320742479920        0.181664084036021       -0.598412649788538        0.184983056044366E-02
   -0.780320742479920        0.181664084036021       -0.598412649788538        0.184983056044366E-02
    0.780320742479920       -0.181664084036021       -0.598412649788538        0.184983056044366E-02
   -0.780320742479920       -0.181664084036021       -0.598412649788538        0.184983056044366E-02
    0.379103540769556        0.172079522565688        0.909213475092374        0.171390450710671E-02
   -0.379103540769556        0.172079522565688        0.909213475092374        0.171390450710671E-02
    0.379103540769556       -0.172079522565688        0.909213475092374        0.171390450710671E-02
   -0.379103540769556       -0.172079522565688        0.909213475092374        0.171390450710671E-02
    0.379103540769556        0.172079522565688       -0.909213475092374        0.171390450710671E-02
   -0.379103540769556        0.172079522565688       -0.909213475092374        0.171390450710671E-02
    0.379103540769556       -0.172079522565688       -0.909213475092374        0.171390450710671E-02
   -0.379103540769556       -0.172079522565688       -0.909213475092374        0.171390450710671E-02
    0.379103540769556        0.909213475092374        0.172079522565688        0.171390450710671E-02
   -0.379103540769556        0.909213475092374        0.172079522565688        0.171390450710671E-02
    0.379103540769556       -0.909213475092374        0.172079522565688        0.171390450710671E-02
   -0.379103540769556       -0.909213475092374        0.172079522565688        0.171390450710671E-02
    0.379103540769556        0.909213475092374       -0.172079522565688        0.171390450710671E-02
   -0.379103540769556        0.909213475092374       -0.172079522565688        0.171390450710671E-02
    0.379103540769556       -0.909213475092374       -0.172079522565688        0.171390450710671E-02
   -0.379103540769556       -0.909213475092374       -0.172079522565688        0.171390450710671E-02
    0.172079522565688        0.379103540769556        0.909213475092374        0.171390450710671E-02
   -0.172079522565688        0.379103540769556        0.909213475092374        0.171390450710671E-02
    0.172079522565688       -0.379103540769556        0.909213475092374        0.171390450710671E-02
   -0.172079522565688       -0.379103540769556        0.909213475092374        0.171390450710671E-02
    0.172079522565688        0.379103540769556       -0.909213475092374        0.171390450710671E-02
   -0.172079522565688        0.379103540769556       -0.909213475092374        0.171390450710671E-02
    0.172079522565688       -0.379103540769556       -0.909213475092374        0.171390450710671E-02
   -0.172079522565688       -0.379103540769556       -0.909213475092374        0.171390450710671E-02
    0.172079522565688        0.909213475092374        0.379103540769556        0.171390450710671E-02
   -0.172079522565688        0.909213475092374        0.379103540769556        0.171390450710671E-02
    0.172079522565688       -0.909213475092374        0.379103540769556        0.171390450710671E-02
   -0.172079522565688       -0.909213475092374        0.379103540769556        0.171390450710671E-02
    0.172079522565688        0.909213475092374       -0.379103540769556        0.171390450710671E-02
   -0.172079522565688        0.909213475092374       -0.379103540769556        0.171390450710671E-02
    0.172079522565688       -0.909213475092374       -0.379103540769556        0.171390450710671E-02
   -0.172079522565688       -0.909213475092374       -0.379103540769556        0.171390450710671E-02
    0.909213475092374        0.379103540769556        0.172079522565688        0.171390450710671E-02
   -0.909213475092374        0.379103540769556        0.172079522565688        0.171390450710671E-02
    0.909213475092374       -0.379103540769556        0.172079522565688        0.171390450710671E-02
   -0.909213475092374       -0.379103540769556        0.172079522565688        0.171390450710671E-02
    0.909213475092374        0.379103540769556       -0.172079522565688        0.171390450710671E-02
   -0.909213475092374        0.379103540769556       -0.172079522565688        0.171390450710671E-02
    0.909213475092374       -0.379103540769556       -0.172079522565688        0.171390450710671E-02
   -0.909213475092374       -0.379103540769556       -0.172079522565688        0.171390450710671E-02
    0.909213475092374        0.172079522565688        0.379103540769556        0.171390450710671E-02
   -0.909213475092374        0.172079522565688        0.379103540769556        0.171390450710671E-02
    0.909213475092374       -0.172079522565688        0.379103540769556        0.171390450710671E-02
   -0.909213475092374       -0.172079522565688        0.379103540769556        0.171390450710671E-02
    0.909213475092374        0.172079522565688       -0.379103540769556        0.171390450710671E-02
   -0.909213475092374        0.172079522565688       -0.379103540769556        0.171390450710671E-02
    0.909213475092374       -0.172079522565688       -0.379103540769556        0.171390450710671E-02
   -0.909213475092374       -0.172079522565688       -0.379103540769556        0.171390450710671E-02
    0.277867319058624        0.821302158193251E-01    0.957102074310073        0.155521360339681E-02
   -0.277867319058624        0.821302158193251E-01    0.957102074310073        0.155521360339681E-02
    0.277867319058624       -0.821302158193251E-01    0.957102074310073        0.155521360339681E-02
   -0.277867319058624       -0.821302158193251E-01    0.957102074310073        0.155521360339681E-02
    0.277867319058624        0.821302158193251E-01   -0.957102074310073        0.155521360339681E-02
   -0.277867319058624        0.821302158193251E-01   -0.957102074310073        0.155521360339681E-02
    0.277867319058624       -0.821302158193251E-01   -0.957102074310073        0.155521360339681E-02
   -0.277867319058624       -0.821302158193251E-01   -0.957102074310073        0.155521360339681E-02
    0.277867319058624        0.957102074310073        0.821302158193251E-01    0.155521360339681E-02
   -0.277867319058624        0.957102074310073        0.821302158193251E-01    0.155521360339681E-02
    0.277867319058624       -0.957102074310073        0.821302158193251E-01    0.155521360339681E-02
   -0.277867319058624       -0.957102074310073        0.821302158193251E-01    0.155521360339681E-02
    0.277867319058624        0.957102074310073       -0.821302158193251E-01    0.155521360339681E-02
   -0.277867319058624        0.957102074310073       -0.821302158193251E-01    0.155521360339681E-02
    0.277867319058624       -0.957102074310073       -0.821302158193251E-01    0.155521360339681E-02
   -0.277867319058624       -0.957102074310073       -0.821302158193251E-01    0.155521360339681E-02
    0.821302158193251E-01    0.277867319058624        0.957102074310073        0.155521360339681E-02
   -0.821302158193251E-01    0.277867319058624        0.957102074310073        0.155521360339681E-02
    0.821302158193251E-01   -0.277867319058624        0.957102074310073        0.155521360339681E-02
   -0.821302158193251E-01   -0.277867319058624        0.957102074310073        0.155521360339681E-02
    0.821302158193251E-01    0.277867319058624       -0.957102074310073        0.155521360339681E-02
   -0.821302158193251E-01    0.277867319058624       -0.957102074310073        0.155521360339681E-02
    0.821302158193251E-01   -0.277867319058624       -0.957102074310073        0.155521360339681E-02
   -0.821302158193251E-01   -0.277867319058624       -0.957102074310073        0.155521360339681E-02
    0.821302158193251E-01    0.957102074310073        0.277867319058624        0.155521360339681E-02
   -0.821302158193251E-01    0.957102074310073        0.277867319058624        0.155521360339681E-02
    0.821302158193251E-01   -0.957102074310073        0.277867319058624        0.155521360339681E-02
   -0.821302158193251E-01   -0.957102074310073        0.277867319058624        0.155521360339681E-02
    0.821302158193251E-01    0.957102074310073       -0.277867319058624        0.155521360339681E-02
   -0.821302158193251E-01    0.957102074310073       -0.277867319058624        0.155521360339681E-02
    0.821302158193251E-01   -0.957102074310073       -0.277867319058624        0.155521360339681E-02
   -0.821302158193251E-01   -0.957102074310073       -0.277867319058624        0.155521360339681E-02
    0.957102074310073        0.277867319058624        0.821302158193251E-01    0.155521360339681E-02
   -0.957102074310073        0.277867319058624        0.821302158193251E-01    0.155521360339681E-02
    0.957102074310073       -0.277867319058624        0.821302158193251E-01    0.155521360339681E-02
   -0.957102074310073       -0.277867319058624        0.821302158193251E-01    0.155521360339681E-02
    0.957102074310073        0.277867319058624       -0.821302158193251E-01    0.155521360339681E-02
   -0.957102074310073        0.277867319058624       -0.821302158193251E-01    0.155521360339681E-02
    0.957102074310073       -0.277867319058624       -0.821302158193251E-01    0.155521360339681E-02
   -0.957102074310073       -0.277867319058624       -0.821302158193251E-01    0.155521360339681E-02
    0.957102074310073        0.821302158193251E-01    0.277867319058624        0.155521360339681E-02
   -0.957102074310073        0.821302158193251E-01    0.277867319058624        0.155521360339681E-02
    0.957102074310073       -0.821302158193251E-01    0.277867319058624        0.155521360339681E-02
   -0.957102074310073       -0.821302158193251E-01    0.277867319058624        0.155521360339681E-02
    0.957102074310073        0.821302158193251E-01   -0.277867319058624        0.155521360339681E-02
   -0.957102074310073        0.821302158193251E-01   -0.277867319058624        0.155521360339681E-02
    0.957102074310073       -0.821302158193251E-01   -0.277867319058624        0.155521360339681E-02
   -0.957102074310073       -0.821302158193251E-01   -0.277867319058624        0.155521360339681E-02
    0.503356427107512        0.899920584207488E-01    0.859379855890721        0.180223912800852E-02
   -0.503356427107512        0.899920584207488E-01    0.859379855890721        0.180223912800852E-02
    0.503356427107512       -0.899920584207488E-01    0.859379855890721        0.180223912800852E-02
   -0.503356427107512       -0.899920584207488E-01    0.859379855890721        0.180223912800852E-02
    0.503356427107512        0.899920584207488E-01   -0.859379855890721        0.180223912800852E-02
   -0.503356427107512        0.899920584207488E-01   -0.859379855890721        0.180223912800852E-02
    0.503356427107512       -0.899920584207488E-01   -0.859379855890721        0.180223912800852E-02
   -0.503356427107512       -0.899920584207488E-01   -0.859379855890721        0.180223912800852E-02
    0.503356427107512        0.859379855890721        0.899920584207488E-01    0.180223912800852E-02
   -0.503356427107512        0.859379855890721        0.899920584207488E-01    0.180223912800852E-02
    0.503356427107512       -0.859379855890721        0.899920584207488E-01    0.180223912800852E-02
   -0.503356427107512       -0.859379855890721        0.899920584207488E-01    0.180223912800852E-02
    0.503356427107512        0.859379855890721       -0.899920584207488E-01    0.180223912800852E-02
   -0.503356427107512        0.859379855890721       -0.899920584207488E-01    0.180223912800852E-02
    0.503356427107512       -0.859379855890721       -0.899920584207488E-01    0.180223912800852E-02
   -0.503356427107512       -0.859379855890721       -0.899920584207488E-01    0.180223912800852E-02
    0.899920584207488E-01    0.503356427107512        0.859379855890721        0.180223912800852E-02
   -0.899920584207488E-01    0.503356427107512        0.859379855890721        0.180223912800852E-02
    0.899920584207488E-01   -0.503356427107512        0.859379855890721        0.180223912800852E-02
   -0.899920584207488E-01   -0.503356427107512        0.859379855890721        0.180223912800852E-02
    0.899920584207488E-01    0.503356427107512       -0.859379855890721        0.180223912800852E-02
   -0.899920584207488E-01    0.503356427107512       -0.859379855890721        0.180223912800852E-02
    0.899920584207488E-01   -0.503356427107512       -0.859379855890721        0.180223912800852E-02
   -0.899920584207488E-01   -0.503356427107512       -0.859379855890721        0.180223912800852E-02
    0.899920584207488E-01    0.859379855890721        0.503356427107512        0.180223912800852E-02
   -0.899920584207488E-01    0.859379855890721        0.503356427107512        0.180223912800852E-02
    0.899920584207488E-01   -0.859379855890721        0.503356427107512        0.180223912800852E-02
   -0.899920584207488E-01   -0.859379855890721        0.503356427107512        0.180223912800852E-02
    0.899920584207488E-01    0.859379855890721       -0.503356427107512        0.180223912800852E-02
   -0.899920584207488E-01    0.859379855890721       -0.503356427107512        0.180223912800852E-02
    0.899920584207488E-01   -0.859379855890721       -0.503356427107512        0.180223912800852E-02
   -0.899920584207488E-01   -0.859379855890721       -0.503356427107512        0.180223912800852E-02
    0.859379855890721        0.503356427107512        0.899920584207488E-01    0.180223912800852E-02
   -0.859379855890721        0.503356427107512        0.899920584207488E-01    0.180223912800852E-02
    0.859379855890721       -0.503356427107512        0.899920584207488E-01    0.180223912800852E-02
   -0.859379855890721       -0.503356427107512        0.899920584207488E-01    0.180223912800852E-02
    0.859379855890721        0.503356427107512       -0.899920584207488E-01    0.180223912800852E-02
   -0.859379855890721        0.503356427107512       -0.899920584207488E-01    0.180223912800852E-02
    0.859379855890721       -0.503356427107512       -0.899920584207488E-01    0.180223912800852E-02
   -0.859379855890721       -0.503356427107512       -0.899920584207488E-01    0.180223912800852E-02
    0.859379855890721        0.899920584207488E-01    0.503356427107512        0.180223912800852E-02
   -0.859379855890721        0.899920584207488E-01    0.503356427107512        0.180223912800852E-02
    0.859379855890721       -0.899920584207488E-01    0.503356427107512        0.180223912800852E-02
   -0.859379855890721       -0.899920584207488E-01    0.503356427107512        0.180223912800852E-02
    0.859379855890721        0.899920584207488E-01   -0.503356427107512        0.180223912800852E-02
   -0.859379855890721        0.899920584207488E-01   -0.503356427107512        0.180223912800852E-02
    0.859379855890721       -0.899920584207488E-01   -0.503356427107512        0.180223912800852E-02
   -0.859379855890721       -0.899920584207488E-01   -0.503356427107512        0.180223912800852E-02
