     1.00000000000000         0.00000000000000         0.00000000000000        0.178234044724461E-02
    -1.00000000000000         0.00000000000000         0.00000000000000        0.178234044724461E-02
     0.00000000000000         1.00000000000000         0.00000000000000        0.178234044724461E-02
     0.00000000000000        -1.00000000000000         0.00000000000000        0.178234044724461E-02
     0.00000000000000         0.00000000000000         1.00000000000000        0.178234044724461E-02
     0.00000000000000         0.00000000000000        -1.00000000000000        0.178234044724461E-02
     0.00000000000000        0.707106781186548        0.707106781186548        0.571690594997710E-02
     0.00000000000000       -0.707106781186548        0.707106781186548        0.571690594997710E-02
     0.00000000000000        0.707106781186548       -0.707106781186548        0.571690594997710E-02
     0.00000000000000       -0.707106781186548       -0.707106781186548        0.571690594997710E-02
    0.707106781186548         0.00000000000000        0.707106781186548        0.571690594997710E-02
   -0.707106781186548         0.00000000000000        0.707106781186548        0.571690594997710E-02
    0.707106781186548         0.00000000000000       -0.707106781186548        0.571690594997710E-02
   -0.707106781186548         0.00000000000000       -0.707106781186548        0.571690594997710E-02
    0.707106781186548        0.707106781186548         0.00000000000000        0.571690594997710E-02
   -0.707106781186548        0.707106781186548         0.00000000000000        0.571690594997710E-02
    0.707106781186548       -0.707106781186548         0.00000000000000        0.571690594997710E-02
   -0.707106781186548       -0.707106781186548         0.00000000000000        0.571690594997710E-02
    0.577350269189626        0.577350269189626        0.577350269189626        0.557338317884874E-02
   -0.577350269189626        0.577350269189626        0.577350269189626        0.557338317884874E-02
    0.577350269189626       -0.577350269189626        0.577350269189626        0.557338317884874E-02
   -0.577350269189626       -0.577350269189626        0.577350269189626        0.557338317884874E-02
    0.577350269189626        0.577350269189626       -0.577350269189626        0.557338317884874E-02
   -0.577350269189626        0.577350269189626       -0.577350269189626        0.557338317884874E-02
    0.577350269189626       -0.577350269189626       -0.577350269189626        0.557338317884874E-02
   -0.577350269189626       -0.577350269189626       -0.577350269189626        0.557338317884874E-02
    0.671297344269523        0.671297344269523        0.314196994182586        0.560870408258800E-02
   -0.671297344269523        0.671297344269523        0.314196994182586        0.560870408258800E-02
    0.671297344269523       -0.671297344269523        0.314196994182586        0.560870408258800E-02
   -0.671297344269523       -0.671297344269523        0.314196994182586        0.560870408258800E-02
    0.671297344269523        0.671297344269523       -0.314196994182586        0.560870408258800E-02
   -0.671297344269523        0.671297344269523       -0.314196994182586        0.560870408258800E-02
    0.671297344269523       -0.671297344269523       -0.314196994182586        0.560870408258800E-02
   -0.671297344269523       -0.671297344269523       -0.314196994182586        0.560870408258800E-02
    0.671297344269523        0.314196994182586        0.671297344269523        0.560870408258800E-02
   -0.671297344269523        0.314196994182586        0.671297344269523        0.560870408258800E-02
    0.671297344269523       -0.314196994182586        0.671297344269523        0.560870408258800E-02
   -0.671297344269523       -0.314196994182586        0.671297344269523        0.560870408258800E-02
    0.671297344269523        0.314196994182586       -0.671297344269523        0.560870408258800E-02
   -0.671297344269523        0.314196994182586       -0.671297344269523        0.560870408258800E-02
    0.671297344269523       -0.314196994182586       -0.671297344269523        0.560870408258800E-02
   -0.671297344269523       -0.314196994182586       -0.671297344269523        0.560870408258800E-02
    0.314196994182586        0.671297344269523        0.671297344269523        0.560870408258800E-02
   -0.314196994182586        0.671297344269523        0.671297344269523        0.560870408258800E-02
    0.314196994182586       -0.671297344269523        0.671297344269523        0.560870408258800E-02
   -0.314196994182586       -0.671297344269523        0.671297344269523        0.560870408258800E-02
    0.314196994182586        0.671297344269523       -0.671297344269523        0.560870408258800E-02
   -0.314196994182586        0.671297344269523       -0.671297344269523        0.560870408258800E-02
    0.314196994182586       -0.671297344269523       -0.671297344269523        0.560870408258800E-02
   -0.314196994182586       -0.671297344269523       -0.671297344269523        0.560870408258800E-02
    0.289246562757544        0.289246562757544        0.912509096867474        0.515823771180538E-02
   -0.289246562757544        0.289246562757544        0.912509096867474        0.515823771180538E-02
    0.289246562757544       -0.289246562757544        0.912509096867474        0.515823771180538E-02
   -0.289246562757544       -0.289246562757544        0.912509096867474        0.515823771180538E-02
    0.289246562757544        0.289246562757544       -0.912509096867474        0.515823771180538E-02
   -0.289246562757544        0.289246562757544       -0.912509096867474        0.515823771180538E-02
    0.289246562757544       -0.289246562757544       -0.912509096867474        0.515823771180538E-02
   -0.289246562757544       -0.289246562757544       -0.912509096867474        0.515823771180538E-02
    0.289246562757544        0.912509096867474        0.289246562757544        0.515823771180538E-02
   -0.289246562757544        0.912509096867474        0.289246562757544        0.515823771180538E-02
    0.289246562757544       -0.912509096867474        0.289246562757544        0.515823771180538E-02
   -0.289246562757544       -0.912509096867474        0.289246562757544        0.515823771180538E-02
    0.289246562757544        0.912509096867474       -0.289246562757544        0.515823771180538E-02
   -0.289246562757544        0.912509096867474       -0.289246562757544        0.515823771180538E-02
    0.289246562757544       -0.912509096867474       -0.289246562757544        0.515823771180538E-02
   -0.289246562757544       -0.912509096867474       -0.289246562757544        0.515823771180538E-02
    0.912509096867474        0.289246562757544        0.289246562757544        0.515823771180538E-02
   -0.912509096867474        0.289246562757544        0.289246562757544        0.515823771180538E-02
    0.912509096867474       -0.289246562757544        0.289246562757544        0.515823771180538E-02
   -0.912509096867474       -0.289246562757544        0.289246562757544        0.515823771180538E-02
    0.912509096867474        0.289246562757544       -0.289246562757544        0.515823771180538E-02
   -0.912509096867474        0.289246562757544       -0.289246562757544        0.515823771180538E-02
    0.912509096867474       -0.289246562757544       -0.289246562757544        0.515823771180538E-02
   -0.912509096867474       -0.289246562757544       -0.289246562757544        0.515823771180538E-02
    0.444693317871744        0.444693317871744        0.777493219314767        0.551877146727361E-02
   -0.444693317871744        0.444693317871744        0.777493219314767        0.551877146727361E-02
    0.444693317871744       -0.444693317871744        0.777493219314767        0.551877146727361E-02
   -0.444693317871744       -0.444693317871744        0.777493219314767        0.551877146727361E-02
    0.444693317871744        0.444693317871744       -0.777493219314767        0.551877146727361E-02
   -0.444693317871744        0.444693317871744       -0.777493219314767        0.551877146727361E-02
    0.444693317871744       -0.444693317871744       -0.777493219314767        0.551877146727361E-02
   -0.444693317871744       -0.444693317871744       -0.777493219314767        0.551877146727361E-02
    0.444693317871744        0.777493219314767        0.444693317871744        0.551877146727361E-02
   -0.444693317871744        0.777493219314767        0.444693317871744        0.551877146727361E-02
    0.444693317871744       -0.777493219314767        0.444693317871744        0.551877146727361E-02
   -0.444693317871744       -0.777493219314767        0.444693317871744        0.551877146727361E-02
    0.444693317871744        0.777493219314767       -0.444693317871744        0.551877146727361E-02
   -0.444693317871744        0.777493219314767       -0.444693317871744        0.551877146727361E-02
    0.444693317871744       -0.777493219314767       -0.444693317871744        0.551877146727361E-02
   -0.444693317871744       -0.777493219314767       -0.444693317871744        0.551877146727361E-02
    0.777493219314767        0.444693317871744        0.444693317871744        0.551877146727361E-02
   -0.777493219314767        0.444693317871744        0.444693317871744        0.551877146727361E-02
    0.777493219314767       -0.444693317871744        0.444693317871744        0.551877146727361E-02
   -0.777493219314767       -0.444693317871744        0.444693317871744        0.551877146727361E-02
    0.777493219314767        0.444693317871744       -0.444693317871744        0.551877146727361E-02
   -0.777493219314767        0.444693317871744       -0.444693317871744        0.551877146727361E-02
    0.777493219314767       -0.444693317871744       -0.444693317871744        0.551877146727361E-02
   -0.777493219314767       -0.444693317871744       -0.444693317871744        0.551877146727361E-02
    0.129933544765007        0.129933544765007        0.982972302707253        0.410677702816939E-02
   -0.129933544765007        0.129933544765007        0.982972302707253        0.410677702816939E-02
    0.129933544765007       -0.129933544765007        0.982972302707253        0.410677702816939E-02
   -0.129933544765007       -0.129933544765007        0.982972302707253        0.410677702816939E-02
    0.129933544765007        0.129933544765007       -0.982972302707253        0.410677702816939E-02
   -0.129933544765007        0.129933544765007       -0.982972302707253        0.410677702816939E-02
    0.129933544765007       -0.129933544765007       -0.982972302707253        0.410677702816939E-02
   -0.129933544765007       -0.129933544765007       -0.982972302707253        0.410677702816939E-02
    0.129933544765007        0.982972302707253        0.129933544765007        0.410677702816939E-02
   -0.129933544765007        0.982972302707253        0.129933544765007        0.410677702816939E-02
    0.129933544765007       -0.982972302707253        0.129933544765007        0.410677702816939E-02
   -0.129933544765007       -0.982972302707253        0.129933544765007        0.410677702816939E-02
    0.129933544765007        0.982972302707253       -0.129933544765007        0.410677702816939E-02
   -0.129933544765007        0.982972302707253       -0.129933544765007        0.410677702816939E-02
    0.129933544765007       -0.982972302707253       -0.129933544765007        0.410677702816939E-02
   -0.129933544765007       -0.982972302707253       -0.129933544765007        0.410677702816939E-02
    0.982972302707253        0.129933544765007        0.129933544765007        0.410677702816939E-02
   -0.982972302707253        0.129933544765007        0.129933544765007        0.410677702816939E-02
    0.982972302707253       -0.129933544765007        0.129933544765007        0.410677702816939E-02
   -0.982972302707253       -0.129933544765007        0.129933544765007        0.410677702816939E-02
    0.982972302707253        0.129933544765007       -0.129933544765007        0.410677702816939E-02
   -0.982972302707253        0.129933544765007       -0.129933544765007        0.410677702816939E-02
    0.982972302707253       -0.129933544765007       -0.129933544765007        0.410677702816939E-02
   -0.982972302707253       -0.129933544765007       -0.129933544765007        0.410677702816939E-02
    0.345770219761128        0.938319218137592         0.00000000000000        0.505184606461481E-02
   -0.345770219761128        0.938319218137592         0.00000000000000        0.505184606461481E-02
    0.345770219761128       -0.938319218137592         0.00000000000000        0.505184606461481E-02
   -0.345770219761128       -0.938319218137592         0.00000000000000        0.505184606461481E-02
    0.938319218137592        0.345770219761128         0.00000000000000        0.505184606461481E-02
   -0.938319218137592        0.345770219761128         0.00000000000000        0.505184606461481E-02
    0.938319218137592       -0.345770219761128         0.00000000000000        0.505184606461481E-02
   -0.938319218137592       -0.345770219761128         0.00000000000000        0.505184606461481E-02
    0.345770219761128         0.00000000000000        0.938319218137592        0.505184606461481E-02
   -0.345770219761128         0.00000000000000        0.938319218137592        0.505184606461481E-02
    0.345770219761128         0.00000000000000       -0.938319218137592        0.505184606461481E-02
   -0.345770219761128         0.00000000000000       -0.938319218137592        0.505184606461481E-02
    0.938319218137592         0.00000000000000        0.345770219761128        0.505184606461481E-02
   -0.938319218137592         0.00000000000000        0.345770219761128        0.505184606461481E-02
    0.938319218137592         0.00000000000000       -0.345770219761128        0.505184606461481E-02
   -0.938319218137592         0.00000000000000       -0.345770219761128        0.505184606461481E-02
     0.00000000000000        0.345770219761128        0.938319218137592        0.505184606461481E-02
     0.00000000000000       -0.345770219761128        0.938319218137592        0.505184606461481E-02
     0.00000000000000        0.345770219761128       -0.938319218137592        0.505184606461481E-02
     0.00000000000000       -0.345770219761128       -0.938319218137592        0.505184606461481E-02
     0.00000000000000        0.938319218137592        0.345770219761128        0.505184606461481E-02
     0.00000000000000       -0.938319218137592        0.345770219761128        0.505184606461481E-02
     0.00000000000000        0.938319218137592       -0.345770219761128        0.505184606461481E-02
     0.00000000000000       -0.938319218137592       -0.345770219761128        0.505184606461481E-02
    0.159041710538353        0.836036015482459        0.525118572443642        0.553024891623309E-02
   -0.159041710538353        0.836036015482459        0.525118572443642        0.553024891623309E-02
    0.159041710538353       -0.836036015482459        0.525118572443642        0.553024891623309E-02
   -0.159041710538353       -0.836036015482459        0.525118572443642        0.553024891623309E-02
    0.159041710538353        0.836036015482459       -0.525118572443642        0.553024891623309E-02
   -0.159041710538353        0.836036015482459       -0.525118572443642        0.553024891623309E-02
    0.159041710538353       -0.836036015482459       -0.525118572443642        0.553024891623309E-02
   -0.159041710538353       -0.836036015482459       -0.525118572443642        0.553024891623309E-02
    0.159041710538353        0.525118572443642        0.836036015482459        0.553024891623309E-02
   -0.159041710538353        0.525118572443642        0.836036015482459        0.553024891623309E-02
    0.159041710538353       -0.525118572443642        0.836036015482459        0.553024891623309E-02
   -0.159041710538353       -0.525118572443642        0.836036015482459        0.553024891623309E-02
    0.159041710538353        0.525118572443642       -0.836036015482459        0.553024891623309E-02
   -0.159041710538353        0.525118572443642       -0.836036015482459        0.553024891623309E-02
    0.159041710538353       -0.525118572443642       -0.836036015482459        0.553024891623309E-02
   -0.159041710538353       -0.525118572443642       -0.836036015482459        0.553024891623309E-02
    0.836036015482459        0.159041710538353        0.525118572443642        0.553024891623309E-02
   -0.836036015482459        0.159041710538353        0.525118572443642        0.553024891623309E-02
    0.836036015482459       -0.159041710538353        0.525118572443642        0.553024891623309E-02
   -0.836036015482459       -0.159041710538353        0.525118572443642        0.553024891623309E-02
    0.836036015482459        0.159041710538353       -0.525118572443642        0.553024891623309E-02
   -0.836036015482459        0.159041710538353       -0.525118572443642        0.553024891623309E-02
    0.836036015482459       -0.159041710538353       -0.525118572443642        0.553024891623309E-02
   -0.836036015482459       -0.159041710538353       -0.525118572443642        0.553024891623309E-02
    0.836036015482459        0.525118572443642        0.159041710538353        0.553024891623309E-02
   -0.836036015482459        0.525118572443642        0.159041710538353        0.553024891623309E-02
    0.836036015482459       -0.525118572443642        0.159041710538353        0.553024891623309E-02
   -0.836036015482459       -0.525118572443642        0.159041710538353        0.553024891623309E-02
    0.836036015482459        0.525118572443642       -0.159041710538353        0.553024891623309E-02
   -0.836036015482459        0.525118572443642       -0.159041710538353        0.553024891623309E-02
    0.836036015482459       -0.525118572443642       -0.159041710538353        0.553024891623309E-02
   -0.836036015482459       -0.525118572443642       -0.159041710538353        0.553024891623309E-02
    0.525118572443642        0.159041710538353        0.836036015482459        0.553024891623309E-02
   -0.525118572443642        0.159041710538353        0.836036015482459        0.553024891623309E-02
    0.525118572443642       -0.159041710538353        0.836036015482459        0.553024891623309E-02
   -0.525118572443642       -0.159041710538353        0.836036015482459        0.553024891623309E-02
    0.525118572443642        0.159041710538353       -0.836036015482459        0.553024891623309E-02
   -0.525118572443642        0.159041710538353       -0.836036015482459        0.553024891623309E-02
    0.525118572443642       -0.159041710538353       -0.836036015482459        0.553024891623309E-02
   -0.525118572443642       -0.159041710538353       -0.836036015482459        0.553024891623309E-02
    0.525118572443642        0.836036015482459        0.159041710538353        0.553024891623309E-02
   -0.525118572443642        0.836036015482459        0.159041710538353        0.553024891623309E-02
    0.525118572443642       -0.836036015482459        0.159041710538353        0.553024891623309E-02
   -0.525118572443642       -0.836036015482459        0.159041710538353        0.553024891623309E-02
    0.525118572443642        0.836036015482459       -0.159041710538353        0.553024891623309E-02
   -0.525118572443642        0.836036015482459       -0.159041710538353        0.553024891623309E-02
    0.525118572443642       -0.836036015482459       -0.159041710538353        0.553024891623309E-02
   -0.525118572443642       -0.836036015482459       -0.159041710538353        0.553024891623309E-02
