     1.00000000000000         0.00000000000000         0.00000000000000        0.599631368862138E-03
    -1.00000000000000         0.00000000000000         0.00000000000000        0.599631368862138E-03
     0.00000000000000         1.00000000000000         0.00000000000000        0.599631368862138E-03
     0.00000000000000        -1.00000000000000         0.00000000000000        0.599631368862138E-03
     0.00000000000000         0.00000000000000         1.00000000000000        0.599631368862138E-03
     0.00000000000000         0.00000000000000        -1.00000000000000        0.599631368862138E-03
     0.00000000000000        0.707106781186548        0.707106781186548        0.737299971862076E-02
     0.00000000000000       -0.707106781186548        0.707106781186548        0.737299971862076E-02
     0.00000000000000        0.707106781186548       -0.707106781186548        0.737299971862076E-02
     0.00000000000000       -0.707106781186548       -0.707106781186548        0.737299971862076E-02
    0.707106781186548         0.00000000000000        0.707106781186548        0.737299971862076E-02
   -0.707106781186548         0.00000000000000        0.707106781186548        0.737299971862076E-02
    0.707106781186548         0.00000000000000       -0.707106781186548        0.737299971862076E-02
   -0.707106781186548         0.00000000000000       -0.707106781186548        0.737299971862076E-02
    0.707106781186548        0.707106781186548         0.00000000000000        0.737299971862076E-02
   -0.707106781186548        0.707106781186548         0.00000000000000        0.737299971862076E-02
    0.707106781186548       -0.707106781186548         0.00000000000000        0.737299971862076E-02
   -0.707106781186548       -0.707106781186548         0.00000000000000        0.737299971862076E-02
    0.577350269189626        0.577350269189626        0.577350269189626        0.721051536014449E-02
   -0.577350269189626        0.577350269189626        0.577350269189626        0.721051536014449E-02
    0.577350269189626       -0.577350269189626        0.577350269189626        0.721051536014449E-02
   -0.577350269189626       -0.577350269189626        0.577350269189626        0.721051536014449E-02
    0.577350269189626        0.577350269189626       -0.577350269189626        0.721051536014449E-02
   -0.577350269189626        0.577350269189626       -0.577350269189626        0.721051536014449E-02
    0.577350269189626       -0.577350269189626       -0.577350269189626        0.721051536014449E-02
   -0.577350269189626       -0.577350269189626       -0.577350269189626        0.721051536014449E-02
    0.676441040011426        0.676441040011426        0.291298882209527        0.711635549311756E-02
   -0.676441040011426        0.676441040011426        0.291298882209527        0.711635549311756E-02
    0.676441040011426       -0.676441040011426        0.291298882209527        0.711635549311756E-02
   -0.676441040011426       -0.676441040011426        0.291298882209527        0.711635549311756E-02
    0.676441040011426        0.676441040011426       -0.291298882209527        0.711635549311756E-02
   -0.676441040011426        0.676441040011426       -0.291298882209527        0.711635549311756E-02
    0.676441040011426       -0.676441040011426       -0.291298882209527        0.711635549311756E-02
   -0.676441040011426       -0.676441040011426       -0.291298882209527        0.711635549311756E-02
    0.676441040011426        0.291298882209527        0.676441040011426        0.711635549311756E-02
   -0.676441040011426        0.291298882209527        0.676441040011426        0.711635549311756E-02
    0.676441040011426       -0.291298882209527        0.676441040011426        0.711635549311756E-02
   -0.676441040011426       -0.291298882209527        0.676441040011426        0.711635549311756E-02
    0.676441040011426        0.291298882209527       -0.676441040011426        0.711635549311756E-02
   -0.676441040011426        0.291298882209527       -0.676441040011426        0.711635549311756E-02
    0.676441040011426       -0.291298882209527       -0.676441040011426        0.711635549311756E-02
   -0.676441040011426       -0.291298882209527       -0.676441040011426        0.711635549311756E-02
    0.291298882209527        0.676441040011426        0.676441040011426        0.711635549311756E-02
   -0.291298882209527        0.676441040011426        0.676441040011426        0.711635549311756E-02
    0.291298882209527       -0.676441040011426        0.676441040011426        0.711635549311756E-02
   -0.291298882209527       -0.676441040011426        0.676441040011426        0.711635549311756E-02
    0.291298882209527        0.676441040011426       -0.676441040011426        0.711635549311756E-02
   -0.291298882209527        0.676441040011426       -0.676441040011426        0.711635549311756E-02
    0.291298882209527       -0.676441040011426       -0.676441040011426        0.711635549311756E-02
   -0.291298882209527       -0.676441040011426       -0.676441040011426        0.711635549311756E-02
    0.417496122796545        0.417496122796545        0.807089818359583        0.675382948631448E-02
   -0.417496122796545        0.417496122796545        0.807089818359583        0.675382948631448E-02
    0.417496122796545       -0.417496122796545        0.807089818359583        0.675382948631448E-02
   -0.417496122796545       -0.417496122796545        0.807089818359583        0.675382948631448E-02
    0.417496122796545        0.417496122796545       -0.807089818359583        0.675382948631448E-02
   -0.417496122796545        0.417496122796545       -0.807089818359583        0.675382948631448E-02
    0.417496122796545       -0.417496122796545       -0.807089818359583        0.675382948631448E-02
   -0.417496122796545       -0.417496122796545       -0.807089818359583        0.675382948631448E-02
    0.417496122796545        0.807089818359583        0.417496122796545        0.675382948631448E-02
   -0.417496122796545        0.807089818359583        0.417496122796545        0.675382948631448E-02
    0.417496122796545       -0.807089818359583        0.417496122796545        0.675382948631448E-02
   -0.417496122796545       -0.807089818359583        0.417496122796545        0.675382948631448E-02
    0.417496122796545        0.807089818359583       -0.417496122796545        0.675382948631448E-02
   -0.417496122796545        0.807089818359583       -0.417496122796545        0.675382948631448E-02
    0.417496122796545       -0.807089818359583       -0.417496122796545        0.675382948631448E-02
   -0.417496122796545       -0.807089818359583       -0.417496122796545        0.675382948631448E-02
    0.807089818359583        0.417496122796545        0.417496122796545        0.675382948631448E-02
   -0.807089818359583        0.417496122796545        0.417496122796545        0.675382948631448E-02
    0.807089818359583       -0.417496122796545        0.417496122796545        0.675382948631448E-02
   -0.807089818359583       -0.417496122796545        0.417496122796545        0.675382948631448E-02
    0.807089818359583        0.417496122796545       -0.417496122796545        0.675382948631448E-02
   -0.807089818359583        0.417496122796545       -0.417496122796545        0.675382948631448E-02
    0.807089818359583       -0.417496122796545       -0.417496122796545        0.675382948631448E-02
   -0.807089818359583       -0.417496122796545       -0.417496122796545        0.675382948631448E-02
    0.157467667203908        0.157467667203908        0.974888643677173        0.757439415905403E-02
   -0.157467667203908        0.157467667203908        0.974888643677173        0.757439415905403E-02
    0.157467667203908       -0.157467667203908        0.974888643677173        0.757439415905403E-02
   -0.157467667203908       -0.157467667203908        0.974888643677173        0.757439415905403E-02
    0.157467667203908        0.157467667203908       -0.974888643677173        0.757439415905403E-02
   -0.157467667203908        0.157467667203908       -0.974888643677173        0.757439415905403E-02
    0.157467667203908       -0.157467667203908       -0.974888643677173        0.757439415905403E-02
   -0.157467667203908       -0.157467667203908       -0.974888643677173        0.757439415905403E-02
    0.157467667203908        0.974888643677173        0.157467667203908        0.757439415905403E-02
   -0.157467667203908        0.974888643677173        0.157467667203908        0.757439415905403E-02
    0.157467667203908       -0.974888643677173        0.157467667203908        0.757439415905403E-02
   -0.157467667203908       -0.974888643677173        0.157467667203908        0.757439415905403E-02
    0.157467667203908        0.974888643677173       -0.157467667203908        0.757439415905403E-02
   -0.157467667203908        0.974888643677173       -0.157467667203908        0.757439415905403E-02
    0.157467667203908       -0.974888643677173       -0.157467667203908        0.757439415905403E-02
   -0.157467667203908       -0.974888643677173       -0.157467667203908        0.757439415905403E-02
    0.974888643677173        0.157467667203908        0.157467667203908        0.757439415905403E-02
   -0.974888643677173        0.157467667203908        0.157467667203908        0.757439415905403E-02
    0.974888643677173       -0.157467667203908        0.157467667203908        0.757439415905403E-02
   -0.974888643677173       -0.157467667203908        0.157467667203908        0.757439415905403E-02
    0.974888643677173        0.157467667203908       -0.157467667203908        0.757439415905403E-02
   -0.974888643677173        0.157467667203908       -0.157467667203908        0.757439415905403E-02
    0.974888643677173       -0.157467667203908       -0.157467667203908        0.757439415905403E-02
   -0.974888643677173       -0.157467667203908       -0.157467667203908        0.757439415905403E-02
    0.140355381171318        0.449332832326956        0.882270011260323        0.699108735330326E-02
   -0.140355381171318        0.449332832326956        0.882270011260323        0.699108735330326E-02
    0.140355381171318       -0.449332832326956        0.882270011260323        0.699108735330326E-02
   -0.140355381171318       -0.449332832326956        0.882270011260323        0.699108735330326E-02
    0.140355381171318        0.449332832326956       -0.882270011260323        0.699108735330326E-02
   -0.140355381171318        0.449332832326956       -0.882270011260323        0.699108735330326E-02
    0.140355381171318       -0.449332832326956       -0.882270011260323        0.699108735330326E-02
   -0.140355381171318       -0.449332832326956       -0.882270011260323        0.699108735330326E-02
    0.140355381171318        0.882270011260323        0.449332832326956        0.699108735330326E-02
   -0.140355381171318        0.882270011260323        0.449332832326956        0.699108735330326E-02
    0.140355381171318       -0.882270011260323        0.449332832326956        0.699108735330326E-02
   -0.140355381171318       -0.882270011260323        0.449332832326956        0.699108735330326E-02
    0.140355381171318        0.882270011260323       -0.449332832326956        0.699108735330326E-02
   -0.140355381171318        0.882270011260323       -0.449332832326956        0.699108735330326E-02
    0.140355381171318       -0.882270011260323       -0.449332832326956        0.699108735330326E-02
   -0.140355381171318       -0.882270011260323       -0.449332832326956        0.699108735330326E-02
    0.449332832326956        0.140355381171318        0.882270011260323        0.699108735330326E-02
   -0.449332832326956        0.140355381171318        0.882270011260323        0.699108735330326E-02
    0.449332832326956       -0.140355381171318        0.882270011260323        0.699108735330326E-02
   -0.449332832326956       -0.140355381171318        0.882270011260323        0.699108735330326E-02
    0.449332832326956        0.140355381171318       -0.882270011260323        0.699108735330326E-02
   -0.449332832326956        0.140355381171318       -0.882270011260323        0.699108735330326E-02
    0.449332832326956       -0.140355381171318       -0.882270011260323        0.699108735330326E-02
   -0.449332832326956       -0.140355381171318       -0.882270011260323        0.699108735330326E-02
    0.449332832326956        0.882270011260323        0.140355381171318        0.699108735330326E-02
   -0.449332832326956        0.882270011260323        0.140355381171318        0.699108735330326E-02
    0.449332832326956       -0.882270011260323        0.140355381171318        0.699108735330326E-02
   -0.449332832326956       -0.882270011260323        0.140355381171318        0.699108735330326E-02
    0.449332832326956        0.882270011260323       -0.140355381171318        0.699108735330326E-02
   -0.449332832326956        0.882270011260323       -0.140355381171318        0.699108735330326E-02
    0.449332832326956       -0.882270011260323       -0.140355381171318        0.699108735330326E-02
   -0.449332832326956       -0.882270011260323       -0.140355381171318        0.699108735330326E-02
    0.882270011260323        0.140355381171318        0.449332832326956        0.699108735330326E-02
   -0.882270011260323        0.140355381171318        0.449332832326956        0.699108735330326E-02
    0.882270011260323       -0.140355381171318        0.449332832326956        0.699108735330326E-02
   -0.882270011260323       -0.140355381171318        0.449332832326956        0.699108735330326E-02
    0.882270011260323        0.140355381171318       -0.449332832326956        0.699108735330326E-02
   -0.882270011260323        0.140355381171318       -0.449332832326956        0.699108735330326E-02
    0.882270011260323       -0.140355381171318       -0.449332832326956        0.699108735330326E-02
   -0.882270011260323       -0.140355381171318       -0.449332832326956        0.699108735330326E-02
    0.882270011260323        0.449332832326956        0.140355381171318        0.699108735330326E-02
   -0.882270011260323        0.449332832326956        0.140355381171318        0.699108735330326E-02
    0.882270011260323       -0.449332832326956        0.140355381171318        0.699108735330326E-02
   -0.882270011260323       -0.449332832326956        0.140355381171318        0.699108735330326E-02
    0.882270011260323        0.449332832326956       -0.140355381171318        0.699108735330326E-02
   -0.882270011260323        0.449332832326956       -0.140355381171318        0.699108735330326E-02
    0.882270011260323       -0.449332832326956       -0.140355381171318        0.699108735330326E-02
   -0.882270011260323       -0.449332832326956       -0.140355381171318        0.699108735330326E-02
