     1.00000000000000         0.00000000000000         0.00000000000000        0.115440115440115E-01
    -1.00000000000000         0.00000000000000         0.00000000000000        0.115440115440115E-01
     0.00000000000000         1.00000000000000         0.00000000000000        0.115440115440115E-01
     0.00000000000000        -1.00000000000000         0.00000000000000        0.115440115440115E-01
     0.00000000000000         0.00000000000000         1.00000000000000        0.115440115440115E-01
     0.00000000000000         0.00000000000000        -1.00000000000000        0.115440115440115E-01
    0.577350269189626        0.577350269189626        0.577350269189626        0.119439090858563E-01
   -0.577350269189626        0.577350269189626        0.577350269189626        0.119439090858563E-01
    0.577350269189626       -0.577350269189626        0.577350269189626        0.119439090858563E-01
   -0.577350269189626       -0.577350269189626        0.577350269189626        0.119439090858563E-01
    0.577350269189626        0.577350269189626       -0.577350269189626        0.119439090858563E-01
   -0.577350269189626        0.577350269189626       -0.577350269189626        0.119439090858563E-01
    0.577350269189626       -0.577350269189626       -0.577350269189626        0.119439090858563E-01
   -0.577350269189626       -0.577350269189626       -0.577350269189626        0.119439090858563E-01
    0.369602846454150        0.369602846454150        0.852518311701268        0.111105557106034E-01
   -0.369602846454150        0.369602846454150        0.852518311701268        0.111105557106034E-01
    0.369602846454150       -0.369602846454150        0.852518311701268        0.111105557106034E-01
   -0.369602846454150       -0.369602846454150        0.852518311701268        0.111105557106034E-01
    0.369602846454150        0.369602846454150       -0.852518311701268        0.111105557106034E-01
   -0.369602846454150        0.369602846454150       -0.852518311701268        0.111105557106034E-01
    0.369602846454150       -0.369602846454150       -0.852518311701268        0.111105557106034E-01
   -0.369602846454150       -0.369602846454150       -0.852518311701268        0.111105557106034E-01
    0.369602846454150        0.852518311701268        0.369602846454150        0.111105557106034E-01
   -0.369602846454150        0.852518311701268        0.369602846454150        0.111105557106034E-01
    0.369602846454150       -0.852518311701268        0.369602846454150        0.111105557106034E-01
   -0.369602846454150       -0.852518311701268        0.369602846454150        0.111105557106034E-01
    0.369602846454150        0.852518311701268       -0.369602846454150        0.111105557106034E-01
   -0.369602846454150        0.852518311701268       -0.369602846454150        0.111105557106034E-01
    0.369602846454150       -0.852518311701268       -0.369602846454150        0.111105557106034E-01
   -0.369602846454150       -0.852518311701268       -0.369602846454150        0.111105557106034E-01
    0.852518311701268        0.369602846454150        0.369602846454150        0.111105557106034E-01
   -0.852518311701268        0.369602846454150        0.369602846454150        0.111105557106034E-01
    0.852518311701268       -0.369602846454150        0.369602846454150        0.111105557106034E-01
   -0.852518311701268       -0.369602846454150        0.369602846454150        0.111105557106034E-01
    0.852518311701268        0.369602846454150       -0.369602846454150        0.111105557106034E-01
   -0.852518311701268        0.369602846454150       -0.369602846454150        0.111105557106034E-01
    0.852518311701268       -0.369602846454150       -0.369602846454150        0.111105557106034E-01
   -0.852518311701268       -0.369602846454150       -0.369602846454150        0.111105557106034E-01
    0.694354006602666        0.694354006602666        0.189063552885395        0.118765012945371E-01
   -0.694354006602666        0.694354006602666        0.189063552885395        0.118765012945371E-01
    0.694354006602666       -0.694354006602666        0.189063552885395        0.118765012945371E-01
   -0.694354006602666       -0.694354006602666        0.189063552885395        0.118765012945371E-01
    0.694354006602666        0.694354006602666       -0.189063552885395        0.118765012945371E-01
   -0.694354006602666        0.694354006602666       -0.189063552885395        0.118765012945371E-01
    0.694354006602666       -0.694354006602666       -0.189063552885395        0.118765012945371E-01
   -0.694354006602666       -0.694354006602666       -0.189063552885395        0.118765012945371E-01
    0.694354006602666        0.189063552885395        0.694354006602666        0.118765012945371E-01
   -0.694354006602666        0.189063552885395        0.694354006602666        0.118765012945371E-01
    0.694354006602666       -0.189063552885395        0.694354006602666        0.118765012945371E-01
   -0.694354006602666       -0.189063552885395        0.694354006602666        0.118765012945371E-01
    0.694354006602666        0.189063552885395       -0.694354006602666        0.118765012945371E-01
   -0.694354006602666        0.189063552885395       -0.694354006602666        0.118765012945371E-01
    0.694354006602666       -0.189063552885395       -0.694354006602666        0.118765012945371E-01
   -0.694354006602666       -0.189063552885395       -0.694354006602666        0.118765012945371E-01
    0.189063552885395        0.694354006602666        0.694354006602666        0.118765012945371E-01
   -0.189063552885395        0.694354006602666        0.694354006602666        0.118765012945371E-01
    0.189063552885395       -0.694354006602666        0.694354006602666        0.118765012945371E-01
   -0.189063552885395       -0.694354006602666        0.694354006602666        0.118765012945371E-01
    0.189063552885395        0.694354006602666       -0.694354006602666        0.118765012945371E-01
   -0.189063552885395        0.694354006602666       -0.694354006602666        0.118765012945371E-01
    0.189063552885395       -0.694354006602666       -0.694354006602666        0.118765012945371E-01
   -0.189063552885395       -0.694354006602666       -0.694354006602666        0.118765012945371E-01
    0.374243039090341        0.927330657151172         0.00000000000000        0.118123037469045E-01
   -0.374243039090341        0.927330657151172         0.00000000000000        0.118123037469045E-01
    0.374243039090341       -0.927330657151172         0.00000000000000        0.118123037469045E-01
   -0.374243039090341       -0.927330657151172         0.00000000000000        0.118123037469045E-01
    0.927330657151172        0.374243039090341         0.00000000000000        0.118123037469045E-01
   -0.927330657151172        0.374243039090341         0.00000000000000        0.118123037469045E-01
    0.927330657151172       -0.374243039090341         0.00000000000000        0.118123037469045E-01
   -0.927330657151172       -0.374243039090341         0.00000000000000        0.118123037469045E-01
    0.374243039090341         0.00000000000000        0.927330657151172        0.118123037469045E-01
   -0.374243039090341         0.00000000000000        0.927330657151172        0.118123037469045E-01
    0.374243039090341         0.00000000000000       -0.927330657151172        0.118123037469045E-01
   -0.374243039090341         0.00000000000000       -0.927330657151172        0.118123037469045E-01
    0.927330657151172         0.00000000000000        0.374243039090341        0.118123037469045E-01
   -0.927330657151172         0.00000000000000        0.374243039090341        0.118123037469045E-01
    0.927330657151172         0.00000000000000       -0.374243039090341        0.118123037469045E-01
   -0.927330657151172         0.00000000000000       -0.374243039090341        0.118123037469045E-01
     0.00000000000000        0.374243039090341        0.927330657151172        0.118123037469045E-01
     0.00000000000000       -0.374243039090341        0.927330657151172        0.118123037469045E-01
     0.00000000000000        0.374243039090341       -0.927330657151172        0.118123037469045E-01
     0.00000000000000       -0.374243039090341       -0.927330657151172        0.118123037469045E-01
     0.00000000000000        0.927330657151172        0.374243039090341        0.118123037469045E-01
     0.00000000000000       -0.927330657151172        0.374243039090341        0.118123037469045E-01
     0.00000000000000        0.927330657151172       -0.374243039090341        0.118123037469045E-01
     0.00000000000000       -0.927330657151172       -0.374243039090341        0.118123037469045E-01
