     1.00000000000000         0.00000000000000         0.00000000000000        0.554484290203737E-02
    -1.00000000000000         0.00000000000000         0.00000000000000        0.554484290203737E-02
     0.00000000000000         1.00000000000000         0.00000000000000        0.554484290203737E-02
     0.00000000000000        -1.00000000000000         0.00000000000000        0.554484290203737E-02
     0.00000000000000         0.00000000000000         1.00000000000000        0.554484290203737E-02
     0.00000000000000         0.00000000000000        -1.00000000000000        0.554484290203737E-02
     0.00000000000000        0.707106781186548        0.707106781186548        0.607133277067075E-02
     0.00000000000000       -0.707106781186548        0.707106781186548        0.607133277067075E-02
     0.00000000000000        0.707106781186548       -0.707106781186548        0.607133277067075E-02
     0.00000000000000       -0.707106781186548       -0.707106781186548        0.607133277067075E-02
    0.707106781186548         0.00000000000000        0.707106781186548        0.607133277067075E-02
   -0.707106781186548         0.00000000000000        0.707106781186548        0.607133277067075E-02
    0.707106781186548         0.00000000000000       -0.707106781186548        0.607133277067075E-02
   -0.707106781186548         0.00000000000000       -0.707106781186548        0.607133277067075E-02
    0.707106781186548        0.707106781186548         0.00000000000000        0.607133277067075E-02
   -0.707106781186548        0.707106781186548         0.00000000000000        0.607133277067075E-02
    0.707106781186548       -0.707106781186548         0.00000000000000        0.607133277067075E-02
   -0.707106781186548       -0.707106781186548         0.00000000000000        0.607133277067075E-02
    0.577350269189626        0.577350269189626        0.577350269189626        0.638367477351509E-02
   -0.577350269189626        0.577350269189626        0.577350269189626        0.638367477351509E-02
    0.577350269189626       -0.577350269189626        0.577350269189626        0.638367477351509E-02
   -0.577350269189626       -0.577350269189626        0.577350269189626        0.638367477351509E-02
    0.577350269189626        0.577350269189626       -0.577350269189626        0.638367477351509E-02
   -0.577350269189626        0.577350269189626       -0.577350269189626        0.638367477351509E-02
    0.577350269189626       -0.577350269189626       -0.577350269189626        0.638367477351509E-02
   -0.577350269189626       -0.577350269189626       -0.577350269189626        0.638367477351509E-02
    0.255125262111413        0.255125262111413        0.932642590312691        0.518338758774779E-02
   -0.255125262111413        0.255125262111413        0.932642590312691        0.518338758774779E-02
    0.255125262111413       -0.255125262111413        0.932642590312691        0.518338758774779E-02
   -0.255125262111413       -0.255125262111413        0.932642590312691        0.518338758774779E-02
    0.255125262111413        0.255125262111413       -0.932642590312691        0.518338758774779E-02
   -0.255125262111413        0.255125262111413       -0.932642590312691        0.518338758774779E-02
    0.255125262111413       -0.255125262111413       -0.932642590312691        0.518338758774779E-02
   -0.255125262111413       -0.255125262111413       -0.932642590312691        0.518338758774779E-02
    0.255125262111413        0.932642590312691        0.255125262111413        0.518338758774779E-02
   -0.255125262111413        0.932642590312691        0.255125262111413        0.518338758774779E-02
    0.255125262111413       -0.932642590312691        0.255125262111413        0.518338758774779E-02
   -0.255125262111413       -0.932642590312691        0.255125262111413        0.518338758774779E-02
    0.255125262111413        0.932642590312691       -0.255125262111413        0.518338758774779E-02
   -0.255125262111413        0.932642590312691       -0.255125262111413        0.518338758774779E-02
    0.255125262111413       -0.932642590312691       -0.255125262111413        0.518338758774779E-02
   -0.255125262111413       -0.932642590312691       -0.255125262111413        0.518338758774779E-02
    0.932642590312691        0.255125262111413        0.255125262111413        0.518338758774779E-02
   -0.932642590312691        0.255125262111413        0.255125262111413        0.518338758774779E-02
    0.932642590312691       -0.255125262111413        0.255125262111413        0.518338758774779E-02
   -0.932642590312691       -0.255125262111413        0.255125262111413        0.518338758774779E-02
    0.932642590312691        0.255125262111413       -0.255125262111413        0.518338758774779E-02
   -0.932642590312691        0.255125262111413       -0.255125262111413        0.518338758774779E-02
    0.932642590312691       -0.255125262111413       -0.255125262111413        0.518338758774779E-02
   -0.932642590312691       -0.255125262111413       -0.255125262111413        0.518338758774779E-02
    0.674360146036277        0.674360146036277        0.300793595137701        0.631792900981373E-02
   -0.674360146036277        0.674360146036277        0.300793595137701        0.631792900981373E-02
    0.674360146036277       -0.674360146036277        0.300793595137701        0.631792900981373E-02
   -0.674360146036277       -0.674360146036277        0.300793595137701        0.631792900981373E-02
    0.674360146036277        0.674360146036277       -0.300793595137701        0.631792900981373E-02
   -0.674360146036277        0.674360146036277       -0.300793595137701        0.631792900981373E-02
    0.674360146036277       -0.674360146036277       -0.300793595137701        0.631792900981373E-02
   -0.674360146036277       -0.674360146036277       -0.300793595137701        0.631792900981373E-02
    0.674360146036277        0.300793595137701        0.674360146036277        0.631792900981373E-02
   -0.674360146036277        0.300793595137701        0.674360146036277        0.631792900981373E-02
    0.674360146036277       -0.300793595137701        0.674360146036277        0.631792900981373E-02
   -0.674360146036277       -0.300793595137701        0.674360146036277        0.631792900981373E-02
    0.674360146036277        0.300793595137701       -0.674360146036277        0.631792900981373E-02
   -0.674360146036277        0.300793595137701       -0.674360146036277        0.631792900981373E-02
    0.674360146036277       -0.300793595137701       -0.674360146036277        0.631792900981373E-02
   -0.674360146036277       -0.300793595137701       -0.674360146036277        0.631792900981373E-02
    0.300793595137701        0.674360146036277        0.674360146036277        0.631792900981373E-02
   -0.300793595137701        0.674360146036277        0.674360146036277        0.631792900981373E-02
    0.300793595137701       -0.674360146036277        0.674360146036277        0.631792900981373E-02
   -0.300793595137701       -0.674360146036277        0.674360146036277        0.631792900981373E-02
    0.300793595137701        0.674360146036277       -0.674360146036277        0.631792900981373E-02
   -0.300793595137701        0.674360146036277       -0.674360146036277        0.631792900981373E-02
    0.300793595137701       -0.674360146036277       -0.674360146036277        0.631792900981373E-02
   -0.300793595137701       -0.674360146036277       -0.674360146036277        0.631792900981373E-02
    0.431891069671941        0.431891069671941        0.791795559393492        0.620167000658908E-02
   -0.431891069671941        0.431891069671941        0.791795559393492        0.620167000658908E-02
    0.431891069671941       -0.431891069671941        0.791795559393492        0.620167000658908E-02
   -0.431891069671941       -0.431891069671941        0.791795559393492        0.620167000658908E-02
    0.431891069671941        0.431891069671941       -0.791795559393492        0.620167000658908E-02
   -0.431891069671941        0.431891069671941       -0.791795559393492        0.620167000658908E-02
    0.431891069671941       -0.431891069671941       -0.791795559393492        0.620167000658908E-02
   -0.431891069671941       -0.431891069671941       -0.791795559393492        0.620167000658908E-02
    0.431891069671941        0.791795559393492        0.431891069671941        0.620167000658908E-02
   -0.431891069671941        0.791795559393492        0.431891069671941        0.620167000658908E-02
    0.431891069671941       -0.791795559393492        0.431891069671941        0.620167000658908E-02
   -0.431891069671941       -0.791795559393492        0.431891069671941        0.620167000658908E-02
    0.431891069671941        0.791795559393492       -0.431891069671941        0.620167000658908E-02
   -0.431891069671941        0.791795559393492       -0.431891069671941        0.620167000658908E-02
    0.431891069671941       -0.791795559393492       -0.431891069671941        0.620167000658908E-02
   -0.431891069671941       -0.791795559393492       -0.431891069671941        0.620167000658908E-02
    0.791795559393492        0.431891069671941        0.431891069671941        0.620167000658908E-02
   -0.791795559393492        0.431891069671941        0.431891069671941        0.620167000658908E-02
    0.791795559393492       -0.431891069671941        0.431891069671941        0.620167000658908E-02
   -0.791795559393492       -0.431891069671941        0.431891069671941        0.620167000658908E-02
    0.791795559393492        0.431891069671941       -0.431891069671941        0.620167000658908E-02
   -0.791795559393492        0.431891069671941       -0.431891069671941        0.620167000658908E-02
    0.791795559393492       -0.431891069671941       -0.431891069671941        0.620167000658908E-02
   -0.791795559393492       -0.431891069671941       -0.431891069671941        0.620167000658908E-02
    0.261393136033599        0.965232421976448         0.00000000000000        0.547714338513735E-02
   -0.261393136033599        0.965232421976448         0.00000000000000        0.547714338513735E-02
    0.261393136033599       -0.965232421976448         0.00000000000000        0.547714338513735E-02
   -0.261393136033599       -0.965232421976448         0.00000000000000        0.547714338513735E-02
    0.965232421976448        0.261393136033599         0.00000000000000        0.547714338513735E-02
   -0.965232421976448        0.261393136033599         0.00000000000000        0.547714338513735E-02
    0.965232421976448       -0.261393136033599         0.00000000000000        0.547714338513735E-02
   -0.965232421976448       -0.261393136033599         0.00000000000000        0.547714338513735E-02
    0.261393136033599         0.00000000000000        0.965232421976448        0.547714338513735E-02
   -0.261393136033599         0.00000000000000        0.965232421976448        0.547714338513735E-02
    0.261393136033599         0.00000000000000       -0.965232421976448        0.547714338513735E-02
   -0.261393136033599         0.00000000000000       -0.965232421976448        0.547714338513735E-02
    0.965232421976448         0.00000000000000        0.261393136033599        0.547714338513735E-02
   -0.965232421976448         0.00000000000000        0.261393136033599        0.547714338513735E-02
    0.965232421976448         0.00000000000000       -0.261393136033599        0.547714338513735E-02
   -0.965232421976448         0.00000000000000       -0.261393136033599        0.547714338513735E-02
     0.00000000000000        0.261393136033599        0.965232421976448        0.547714338513735E-02
     0.00000000000000       -0.261393136033599        0.965232421976448        0.547714338513735E-02
     0.00000000000000        0.261393136033599       -0.965232421976448        0.547714338513735E-02
     0.00000000000000       -0.261393136033599       -0.965232421976448        0.547714338513735E-02
     0.00000000000000        0.965232421976448        0.261393136033599        0.547714338513735E-02
     0.00000000000000       -0.965232421976448        0.261393136033599        0.547714338513735E-02
     0.00000000000000        0.965232421976448       -0.261393136033599        0.547714338513735E-02
     0.00000000000000       -0.965232421976448       -0.261393136033599        0.547714338513735E-02
    0.499045316179604        0.144663074432512        0.854415804684659        0.596838398768116E-02
   -0.499045316179604        0.144663074432512        0.854415804684659        0.596838398768116E-02
    0.499045316179604       -0.144663074432512        0.854415804684659        0.596838398768116E-02
   -0.499045316179604       -0.144663074432512        0.854415804684659        0.596838398768116E-02
    0.499045316179604        0.144663074432512       -0.854415804684659        0.596838398768116E-02
   -0.499045316179604        0.144663074432512       -0.854415804684659        0.596838398768116E-02
    0.499045316179604       -0.144663074432512       -0.854415804684659        0.596838398768116E-02
   -0.499045316179604       -0.144663074432512       -0.854415804684659        0.596838398768116E-02
    0.499045316179604        0.854415804684659        0.144663074432512        0.596838398768116E-02
   -0.499045316179604        0.854415804684659        0.144663074432512        0.596838398768116E-02
    0.499045316179604       -0.854415804684659        0.144663074432512        0.596838398768116E-02
   -0.499045316179604       -0.854415804684659        0.144663074432512        0.596838398768116E-02
    0.499045316179604        0.854415804684659       -0.144663074432512        0.596838398768116E-02
   -0.499045316179604        0.854415804684659       -0.144663074432512        0.596838398768116E-02
    0.499045316179604       -0.854415804684659       -0.144663074432512        0.596838398768116E-02
   -0.499045316179604       -0.854415804684659       -0.144663074432512        0.596838398768116E-02
    0.144663074432512        0.499045316179604        0.854415804684659        0.596838398768116E-02
   -0.144663074432512        0.499045316179604        0.854415804684659        0.596838398768116E-02
    0.144663074432512       -0.499045316179604        0.854415804684659        0.596838398768116E-02
   -0.144663074432512       -0.499045316179604        0.854415804684659        0.596838398768116E-02
    0.144663074432512        0.499045316179604       -0.854415804684659        0.596838398768116E-02
   -0.144663074432512        0.499045316179604       -0.854415804684659        0.596838398768116E-02
    0.144663074432512       -0.499045316179604       -0.854415804684659        0.596838398768116E-02
   -0.144663074432512       -0.499045316179604       -0.854415804684659        0.596838398768116E-02
    0.144663074432512        0.854415804684659        0.499045316179604        0.596838398768116E-02
   -0.144663074432512        0.854415804684659        0.499045316179604        0.596838398768116E-02
    0.144663074432512       -0.854415804684659        0.499045316179604        0.596838398768116E-02
   -0.144663074432512       -0.854415804684659        0.499045316179604        0.596838398768116E-02
    0.144663074432512        0.854415804684659       -0.499045316179604        0.596838398768116E-02
   -0.144663074432512        0.854415804684659       -0.499045316179604        0.596838398768116E-02
    0.144663074432512       -0.854415804684659       -0.499045316179604        0.596838398768116E-02
   -0.144663074432512       -0.854415804684659       -0.499045316179604        0.596838398768116E-02
    0.854415804684659        0.499045316179604        0.144663074432512        0.596838398768116E-02
   -0.854415804684659        0.499045316179604        0.144663074432512        0.596838398768116E-02
    0.854415804684659       -0.499045316179604        0.144663074432512        0.596838398768116E-02
   -0.854415804684659       -0.499045316179604        0.144663074432512        0.596838398768116E-02
    0.854415804684659        0.499045316179604       -0.144663074432512        0.596838398768116E-02
   -0.854415804684659        0.499045316179604       -0.144663074432512        0.596838398768116E-02
    0.854415804684659       -0.499045316179604       -0.144663074432512        0.596838398768116E-02
   -0.854415804684659       -0.499045316179604       -0.144663074432512        0.596838398768116E-02
    0.854415804684659        0.144663074432512        0.499045316179604        0.596838398768116E-02
   -0.854415804684659        0.144663074432512        0.499045316179604        0.596838398768116E-02
    0.854415804684659       -0.144663074432512        0.499045316179604        0.596838398768116E-02
   -0.854415804684659       -0.144663074432512        0.499045316179604        0.596838398768116E-02
    0.854415804684659        0.144663074432512       -0.499045316179604        0.596838398768116E-02
   -0.854415804684659        0.144663074432512       -0.499045316179604        0.596838398768116E-02
    0.854415804684659       -0.144663074432512       -0.499045316179604        0.596838398768116E-02
   -0.854415804684659       -0.144663074432512       -0.499045316179604        0.596838398768116E-02
