     1.00000000000000         0.00000000000000         0.00000000000000        0.476190476190476E-01
    -1.00000000000000         0.00000000000000         0.00000000000000        0.476190476190476E-01
     0.00000000000000         1.00000000000000         0.00000000000000        0.476190476190476E-01
     0.00000000000000        -1.00000000000000         0.00000000000000        0.476190476190476E-01
     0.00000000000000         0.00000000000000         1.00000000000000        0.476190476190476E-01
     0.00000000000000         0.00000000000000        -1.00000000000000        0.476190476190476E-01
     0.00000000000000        0.707106781186548        0.707106781186548        0.380952380952381E-01
     0.00000000000000       -0.707106781186548        0.707106781186548        0.380952380952381E-01
     0.00000000000000        0.707106781186548       -0.707106781186548        0.380952380952381E-01
     0.00000000000000       -0.707106781186548       -0.707106781186548        0.380952380952381E-01
    0.707106781186548         0.00000000000000        0.707106781186548        0.380952380952381E-01
   -0.707106781186548         0.00000000000000        0.707106781186548        0.380952380952381E-01
    0.707106781186548         0.00000000000000       -0.707106781186548        0.380952380952381E-01
   -0.707106781186548         0.00000000000000       -0.707106781186548        0.380952380952381E-01
    0.707106781186548        0.707106781186548         0.00000000000000        0.380952380952381E-01
   -0.707106781186548        0.707106781186548         0.00000000000000        0.380952380952381E-01
    0.707106781186548       -0.707106781186548         0.00000000000000        0.380952380952381E-01
   -0.707106781186548       -0.707106781186548         0.00000000000000        0.380952380952381E-01
    0.577350269189626        0.577350269189626        0.577350269189626        0.321428571428571E-01
   -0.577350269189626        0.577350269189626        0.577350269189626        0.321428571428571E-01
    0.577350269189626       -0.577350269189626        0.577350269189626        0.321428571428571E-01
   -0.577350269189626       -0.577350269189626        0.577350269189626        0.321428571428571E-01
    0.577350269189626        0.577350269189626       -0.577350269189626        0.321428571428571E-01
   -0.577350269189626        0.577350269189626       -0.577350269189626        0.321428571428571E-01
    0.577350269189626       -0.577350269189626       -0.577350269189626        0.321428571428571E-01
   -0.577350269189626       -0.577350269189626       -0.577350269189626        0.321428571428571E-01
