     1.00000000000000         0.00000000000000         0.00000000000000       -0.131376912732695E-02
    -1.00000000000000         0.00000000000000         0.00000000000000       -0.131376912732695E-02
     0.00000000000000         1.00000000000000         0.00000000000000       -0.131376912732695E-02
     0.00000000000000        -1.00000000000000         0.00000000000000       -0.131376912732695E-02
     0.00000000000000         0.00000000000000         1.00000000000000       -0.131376912732695E-02
     0.00000000000000         0.00000000000000        -1.00000000000000       -0.131376912732695E-02
     0.00000000000000        0.707106781186548        0.707106781186548       -0.252272870485934E-02
     0.00000000000000       -0.707106781186548        0.707106781186548       -0.252272870485934E-02
     0.00000000000000        0.707106781186548       -0.707106781186548       -0.252272870485934E-02
     0.00000000000000       -0.707106781186548       -0.707106781186548       -0.252272870485934E-02
    0.707106781186548         0.00000000000000        0.707106781186548       -0.252272870485934E-02
   -0.707106781186548         0.00000000000000        0.707106781186548       -0.252272870485934E-02
    0.707106781186548         0.00000000000000       -0.707106781186548       -0.252272870485934E-02
   -0.707106781186548         0.00000000000000       -0.707106781186548       -0.252272870485934E-02
    0.707106781186548        0.707106781186548         0.00000000000000       -0.252272870485934E-02
   -0.707106781186548        0.707106781186548         0.00000000000000       -0.252272870485934E-02
    0.707106781186548       -0.707106781186548         0.00000000000000       -0.252272870485934E-02
   -0.707106781186548       -0.707106781186548         0.00000000000000       -0.252272870485934E-02
    0.577350269189626        0.577350269189626        0.577350269189626        0.418685388170058E-02
   -0.577350269189626        0.577350269189626        0.577350269189626        0.418685388170058E-02
    0.577350269189626       -0.577350269189626        0.577350269189626        0.418685388170058E-02
   -0.577350269189626       -0.577350269189626        0.577350269189626        0.418685388170058E-02
    0.577350269189626        0.577350269189626       -0.577350269189626        0.418685388170058E-02
   -0.577350269189626        0.577350269189626       -0.577350269189626        0.418685388170058E-02
    0.577350269189626       -0.577350269189626       -0.577350269189626        0.418685388170058E-02
   -0.577350269189626       -0.577350269189626       -0.577350269189626        0.418685388170058E-02
    0.703937339158548        0.703937339158548        0.945750764037131E-01    0.531516797781089E-02
   -0.703937339158548        0.703937339158548        0.945750764037131E-01    0.531516797781089E-02
    0.703937339158548       -0.703937339158548        0.945750764037131E-01    0.531516797781089E-02
   -0.703937339158548       -0.703937339158548        0.945750764037131E-01    0.531516797781089E-02
    0.703937339158548        0.703937339158548       -0.945750764037131E-01    0.531516797781089E-02
   -0.703937339158548        0.703937339158548       -0.945750764037131E-01    0.531516797781089E-02
    0.703937339158548       -0.703937339158548       -0.945750764037131E-01    0.531516797781089E-02
   -0.703937339158548       -0.703937339158548       -0.945750764037131E-01    0.531516797781089E-02
    0.703937339158548        0.945750764037131E-01    0.703937339158548        0.531516797781089E-02
   -0.703937339158548        0.945750764037131E-01    0.703937339158548        0.531516797781089E-02
    0.703937339158548       -0.945750764037131E-01    0.703937339158548        0.531516797781089E-02
   -0.703937339158548       -0.945750764037131E-01    0.703937339158548        0.531516797781089E-02
    0.703937339158548        0.945750764037131E-01   -0.703937339158548        0.531516797781089E-02
   -0.703937339158548        0.945750764037131E-01   -0.703937339158548        0.531516797781089E-02
    0.703937339158548       -0.945750764037131E-01   -0.703937339158548        0.531516797781089E-02
   -0.703937339158548       -0.945750764037131E-01   -0.703937339158548        0.531516797781089E-02
    0.945750764037131E-01    0.703937339158548        0.703937339158548        0.531516797781089E-02
   -0.945750764037131E-01    0.703937339158548        0.703937339158548        0.531516797781089E-02
    0.945750764037131E-01   -0.703937339158548        0.703937339158548        0.531516797781089E-02
   -0.945750764037131E-01   -0.703937339158548        0.703937339158548        0.531516797781089E-02
    0.945750764037131E-01    0.703937339158548       -0.703937339158548        0.531516797781089E-02
   -0.945750764037131E-01    0.703937339158548       -0.703937339158548        0.531516797781089E-02
    0.945750764037131E-01   -0.703937339158548       -0.703937339158548        0.531516797781089E-02
   -0.945750764037131E-01   -0.703937339158548       -0.703937339158548        0.531516797781089E-02
    0.101252624857241        0.101252624857241        0.989694807462905        0.404714237708622E-02
   -0.101252624857241        0.101252624857241        0.989694807462905        0.404714237708622E-02
    0.101252624857241       -0.101252624857241        0.989694807462905        0.404714237708622E-02
   -0.101252624857241       -0.101252624857241        0.989694807462905        0.404714237708622E-02
    0.101252624857241        0.101252624857241       -0.989694807462905        0.404714237708622E-02
   -0.101252624857241        0.101252624857241       -0.989694807462905        0.404714237708622E-02
    0.101252624857241       -0.101252624857241       -0.989694807462905        0.404714237708622E-02
   -0.101252624857241       -0.101252624857241       -0.989694807462905        0.404714237708622E-02
    0.101252624857241        0.989694807462905        0.101252624857241        0.404714237708622E-02
   -0.101252624857241        0.989694807462905        0.101252624857241        0.404714237708622E-02
    0.101252624857241       -0.989694807462905        0.101252624857241        0.404714237708622E-02
   -0.101252624857241       -0.989694807462905        0.101252624857241        0.404714237708622E-02
    0.101252624857241        0.989694807462905       -0.101252624857241        0.404714237708622E-02
   -0.101252624857241        0.989694807462905       -0.101252624857241        0.404714237708622E-02
    0.101252624857241       -0.989694807462905       -0.101252624857241        0.404714237708622E-02
   -0.101252624857241       -0.989694807462905       -0.101252624857241        0.404714237708622E-02
    0.989694807462905        0.101252624857241        0.101252624857241        0.404714237708622E-02
   -0.989694807462905        0.101252624857241        0.101252624857241        0.404714237708622E-02
    0.989694807462905       -0.101252624857241        0.101252624857241        0.404714237708622E-02
   -0.989694807462905       -0.101252624857241        0.101252624857241        0.404714237708622E-02
    0.989694807462905        0.101252624857241       -0.101252624857241        0.404714237708622E-02
   -0.989694807462905        0.101252624857241       -0.101252624857241        0.404714237708622E-02
    0.989694807462905       -0.101252624857241       -0.101252624857241        0.404714237708622E-02
   -0.989694807462905       -0.101252624857241       -0.101252624857241        0.404714237708622E-02
    0.464744872642054        0.464744872642054        0.753673939250816        0.411248239440699E-02
   -0.464744872642054        0.464744872642054        0.753673939250816        0.411248239440699E-02
    0.464744872642054       -0.464744872642054        0.753673939250816        0.411248239440699E-02
   -0.464744872642054       -0.464744872642054        0.753673939250816        0.411248239440699E-02
    0.464744872642054        0.464744872642054       -0.753673939250816        0.411248239440699E-02
   -0.464744872642054        0.464744872642054       -0.753673939250816        0.411248239440699E-02
    0.464744872642054       -0.464744872642054       -0.753673939250816        0.411248239440699E-02
   -0.464744872642054       -0.464744872642054       -0.753673939250816        0.411248239440699E-02
    0.464744872642054        0.753673939250816        0.464744872642054        0.411248239440699E-02
   -0.464744872642054        0.753673939250816        0.464744872642054        0.411248239440699E-02
    0.464744872642054       -0.753673939250816        0.464744872642054        0.411248239440699E-02
   -0.464744872642054       -0.753673939250816        0.464744872642054        0.411248239440699E-02
    0.464744872642054        0.753673939250816       -0.464744872642054        0.411248239440699E-02
   -0.464744872642054        0.753673939250816       -0.464744872642054        0.411248239440699E-02
    0.464744872642054       -0.753673939250816       -0.464744872642054        0.411248239440699E-02
   -0.464744872642054       -0.753673939250816       -0.464744872642054        0.411248239440699E-02
    0.753673939250816        0.464744872642054        0.464744872642054        0.411248239440699E-02
   -0.753673939250816        0.464744872642054        0.464744872642054        0.411248239440699E-02
    0.753673939250816       -0.464744872642054        0.464744872642054        0.411248239440699E-02
   -0.753673939250816       -0.464744872642054        0.464744872642054        0.411248239440699E-02
    0.753673939250816        0.464744872642054       -0.464744872642054        0.411248239440699E-02
   -0.753673939250816        0.464744872642054       -0.464744872642054        0.411248239440699E-02
    0.753673939250816       -0.464744872642054       -0.464744872642054        0.411248239440699E-02
   -0.753673939250816       -0.464744872642054       -0.464744872642054        0.411248239440699E-02
    0.327742065497163        0.327742065497163        0.886098344997499        0.359558489975878E-02
   -0.327742065497163        0.327742065497163        0.886098344997499        0.359558489975878E-02
    0.327742065497163       -0.327742065497163        0.886098344997499        0.359558489975878E-02
   -0.327742065497163       -0.327742065497163        0.886098344997499        0.359558489975878E-02
    0.327742065497163        0.327742065497163       -0.886098344997499        0.359558489975878E-02
   -0.327742065497163        0.327742065497163       -0.886098344997499        0.359558489975878E-02
    0.327742065497163       -0.327742065497163       -0.886098344997499        0.359558489975878E-02
   -0.327742065497163       -0.327742065497163       -0.886098344997499        0.359558489975878E-02
    0.327742065497163        0.886098344997499        0.327742065497163        0.359558489975878E-02
   -0.327742065497163        0.886098344997499        0.327742065497163        0.359558489975878E-02
    0.327742065497163       -0.886098344997499        0.327742065497163        0.359558489975878E-02
   -0.327742065497163       -0.886098344997499        0.327742065497163        0.359558489975878E-02
    0.327742065497163        0.886098344997499       -0.327742065497163        0.359558489975878E-02
   -0.327742065497163        0.886098344997499       -0.327742065497163        0.359558489975878E-02
    0.327742065497163       -0.886098344997499       -0.327742065497163        0.359558489975878E-02
   -0.327742065497163       -0.886098344997499       -0.327742065497163        0.359558489975878E-02
    0.886098344997499        0.327742065497163        0.327742065497163        0.359558489975878E-02
   -0.886098344997499        0.327742065497163        0.327742065497163        0.359558489975878E-02
    0.886098344997499       -0.327742065497163        0.327742065497163        0.359558489975878E-02
   -0.886098344997499       -0.327742065497163        0.327742065497163        0.359558489975878E-02
    0.886098344997499        0.327742065497163       -0.327742065497163        0.359558489975878E-02
   -0.886098344997499        0.327742065497163       -0.327742065497163        0.359558489975878E-02
    0.886098344997499       -0.327742065497163       -0.327742065497163        0.359558489975878E-02
   -0.886098344997499       -0.327742065497163       -0.327742065497163        0.359558489975878E-02
    0.662033866369997        0.662033866369997        0.351315128564633        0.425613135142816E-02
   -0.662033866369997        0.662033866369997        0.351315128564633        0.425613135142816E-02
    0.662033866369997       -0.662033866369997        0.351315128564633        0.425613135142816E-02
   -0.662033866369997       -0.662033866369997        0.351315128564633        0.425613135142816E-02
    0.662033866369997        0.662033866369997       -0.351315128564633        0.425613135142816E-02
   -0.662033866369997        0.662033866369997       -0.351315128564633        0.425613135142816E-02
    0.662033866369997       -0.662033866369997       -0.351315128564633        0.425613135142816E-02
   -0.662033866369997       -0.662033866369997       -0.351315128564633        0.425613135142816E-02
    0.662033866369997        0.351315128564633        0.662033866369997        0.425613135142816E-02
   -0.662033866369997        0.351315128564633        0.662033866369997        0.425613135142816E-02
    0.662033866369997       -0.351315128564633        0.662033866369997        0.425613135142816E-02
   -0.662033866369997       -0.351315128564633        0.662033866369997        0.425613135142816E-02
    0.662033866369997        0.351315128564633       -0.662033866369997        0.425613135142816E-02
   -0.662033866369997        0.351315128564633       -0.662033866369997        0.425613135142816E-02
    0.662033866369997       -0.351315128564633       -0.662033866369997        0.425613135142816E-02
   -0.662033866369997       -0.351315128564633       -0.662033866369997        0.425613135142816E-02
    0.351315128564633        0.662033866369997        0.662033866369997        0.425613135142816E-02
   -0.351315128564633        0.662033866369997        0.662033866369997        0.425613135142816E-02
    0.351315128564633       -0.662033866369997        0.662033866369997        0.425613135142816E-02
   -0.351315128564633       -0.662033866369997        0.662033866369997        0.425613135142816E-02
    0.351315128564633        0.662033866369997       -0.662033866369997        0.425613135142816E-02
   -0.351315128564633        0.662033866369997       -0.662033866369997        0.425613135142816E-02
    0.351315128564633       -0.662033866369997       -0.662033866369997        0.425613135142816E-02
   -0.351315128564633       -0.662033866369997       -0.662033866369997        0.425613135142816E-02
    0.850650808352040        0.525731112119134         0.00000000000000        0.422958270064724E-02
   -0.850650808352040        0.525731112119134         0.00000000000000        0.422958270064724E-02
    0.850650808352040       -0.525731112119134         0.00000000000000        0.422958270064724E-02
   -0.850650808352040       -0.525731112119134         0.00000000000000        0.422958270064724E-02
    0.525731112119134        0.850650808352040         0.00000000000000        0.422958270064724E-02
   -0.525731112119134        0.850650808352040         0.00000000000000        0.422958270064724E-02
    0.525731112119134       -0.850650808352040         0.00000000000000        0.422958270064724E-02
   -0.525731112119134       -0.850650808352040         0.00000000000000        0.422958270064724E-02
    0.850650808352040         0.00000000000000        0.525731112119134        0.422958270064724E-02
   -0.850650808352040         0.00000000000000        0.525731112119134        0.422958270064724E-02
    0.850650808352040         0.00000000000000       -0.525731112119134        0.422958270064724E-02
   -0.850650808352040         0.00000000000000       -0.525731112119134        0.422958270064724E-02
    0.525731112119134         0.00000000000000        0.850650808352040        0.422958270064724E-02
   -0.525731112119134         0.00000000000000        0.850650808352040        0.422958270064724E-02
    0.525731112119134         0.00000000000000       -0.850650808352040        0.422958270064724E-02
   -0.525731112119134         0.00000000000000       -0.850650808352040        0.422958270064724E-02
     0.00000000000000        0.850650808352040        0.525731112119134        0.422958270064724E-02
     0.00000000000000       -0.850650808352040        0.525731112119134        0.422958270064724E-02
     0.00000000000000        0.850650808352040       -0.525731112119134        0.422958270064724E-02
     0.00000000000000       -0.850650808352040       -0.525731112119134        0.422958270064724E-02
     0.00000000000000        0.525731112119134        0.850650808352040        0.422958270064724E-02
     0.00000000000000       -0.525731112119134        0.850650808352040        0.422958270064724E-02
     0.00000000000000        0.525731112119134       -0.850650808352040        0.422958270064724E-02
     0.00000000000000       -0.525731112119134       -0.850650808352040        0.422958270064724E-02
    0.323348454269290        0.115311201100970        0.939227929749916        0.408091422578051E-02
   -0.323348454269290        0.115311201100970        0.939227929749916        0.408091422578051E-02
    0.323348454269290       -0.115311201100970        0.939227929749916        0.408091422578051E-02
   -0.323348454269290       -0.115311201100970        0.939227929749916        0.408091422578051E-02
    0.323348454269290        0.115311201100970       -0.939227929749916        0.408091422578051E-02
   -0.323348454269290        0.115311201100970       -0.939227929749916        0.408091422578051E-02
    0.323348454269290       -0.115311201100970       -0.939227929749916        0.408091422578051E-02
   -0.323348454269290       -0.115311201100970       -0.939227929749916        0.408091422578051E-02
    0.323348454269290        0.939227929749916        0.115311201100970        0.408091422578051E-02
   -0.323348454269290        0.939227929749916        0.115311201100970        0.408091422578051E-02
    0.323348454269290       -0.939227929749916        0.115311201100970        0.408091422578051E-02
   -0.323348454269290       -0.939227929749916        0.115311201100970        0.408091422578051E-02
    0.323348454269290        0.939227929749916       -0.115311201100970        0.408091422578051E-02
   -0.323348454269290        0.939227929749916       -0.115311201100970        0.408091422578051E-02
    0.323348454269290       -0.939227929749916       -0.115311201100970        0.408091422578051E-02
   -0.323348454269290       -0.939227929749916       -0.115311201100970        0.408091422578051E-02
    0.115311201100970        0.323348454269290        0.939227929749916        0.408091422578051E-02
   -0.115311201100970        0.323348454269290        0.939227929749916        0.408091422578051E-02
    0.115311201100970       -0.323348454269290        0.939227929749916        0.408091422578051E-02
   -0.115311201100970       -0.323348454269290        0.939227929749916        0.408091422578051E-02
    0.115311201100970        0.323348454269290       -0.939227929749916        0.408091422578051E-02
   -0.115311201100970        0.323348454269290       -0.939227929749916        0.408091422578051E-02
    0.115311201100970       -0.323348454269290       -0.939227929749916        0.408091422578051E-02
   -0.115311201100970       -0.323348454269290       -0.939227929749916        0.408091422578051E-02
    0.115311201100970        0.939227929749916        0.323348454269290        0.408091422578051E-02
   -0.115311201100970        0.939227929749916        0.323348454269290        0.408091422578051E-02
    0.115311201100970       -0.939227929749916        0.323348454269290        0.408091422578051E-02
   -0.115311201100970       -0.939227929749916        0.323348454269290        0.408091422578051E-02
    0.115311201100970        0.939227929749916       -0.323348454269290        0.408091422578051E-02
   -0.115311201100970        0.939227929749916       -0.323348454269290        0.408091422578051E-02
    0.115311201100970       -0.939227929749916       -0.323348454269290        0.408091422578051E-02
   -0.115311201100970       -0.939227929749916       -0.323348454269290        0.408091422578051E-02
    0.939227929749916        0.323348454269290        0.115311201100970        0.408091422578051E-02
   -0.939227929749916        0.323348454269290        0.115311201100970        0.408091422578051E-02
    0.939227929749916       -0.323348454269290        0.115311201100970        0.408091422578051E-02
   -0.939227929749916       -0.323348454269290        0.115311201100970        0.408091422578051E-02
    0.939227929749916        0.323348454269290       -0.115311201100970        0.408091422578051E-02
   -0.939227929749916        0.323348454269290       -0.115311201100970        0.408091422578051E-02
    0.939227929749916       -0.323348454269290       -0.115311201100970        0.408091422578051E-02
   -0.939227929749916       -0.323348454269290       -0.115311201100970        0.408091422578051E-02
    0.939227929749916        0.115311201100970        0.323348454269290        0.408091422578051E-02
   -0.939227929749916        0.115311201100970        0.323348454269290        0.408091422578051E-02
    0.939227929749916       -0.115311201100970        0.323348454269290        0.408091422578051E-02
   -0.939227929749916       -0.115311201100970        0.323348454269290        0.408091422578051E-02
    0.939227929749916        0.115311201100970       -0.323348454269290        0.408091422578051E-02
   -0.939227929749916        0.115311201100970       -0.323348454269290        0.408091422578051E-02
    0.939227929749916       -0.115311201100970       -0.323348454269290        0.408091422578051E-02
   -0.939227929749916       -0.115311201100970       -0.323348454269290        0.408091422578051E-02
    0.231479015871260        0.524493924092236        0.819343388819120        0.407146759383096E-02
   -0.231479015871260        0.524493924092236        0.819343388819120        0.407146759383096E-02
    0.231479015871260       -0.524493924092236        0.819343388819120        0.407146759383096E-02
   -0.231479015871260       -0.524493924092236        0.819343388819120        0.407146759383096E-02
    0.231479015871260        0.524493924092236       -0.819343388819120        0.407146759383096E-02
   -0.231479015871260        0.524493924092236       -0.819343388819120        0.407146759383096E-02
    0.231479015871260       -0.524493924092236       -0.819343388819120        0.407146759383096E-02
   -0.231479015871260       -0.524493924092236       -0.819343388819120        0.407146759383096E-02
    0.231479015871260        0.819343388819120        0.524493924092236        0.407146759383096E-02
   -0.231479015871260        0.819343388819120        0.524493924092236        0.407146759383096E-02
    0.231479015871260       -0.819343388819120        0.524493924092236        0.407146759383096E-02
   -0.231479015871260       -0.819343388819120        0.524493924092236        0.407146759383096E-02
    0.231479015871260        0.819343388819120       -0.524493924092236        0.407146759383096E-02
   -0.231479015871260        0.819343388819120       -0.524493924092236        0.407146759383096E-02
    0.231479015871260       -0.819343388819120       -0.524493924092236        0.407146759383096E-02
   -0.231479015871260       -0.819343388819120       -0.524493924092236        0.407146759383096E-02
    0.524493924092236        0.231479015871260        0.819343388819120        0.407146759383096E-02
   -0.524493924092236        0.231479015871260        0.819343388819120        0.407146759383096E-02
    0.524493924092236       -0.231479015871260        0.819343388819120        0.407146759383096E-02
   -0.524493924092236       -0.231479015871260        0.819343388819120        0.407146759383096E-02
    0.524493924092236        0.231479015871260       -0.819343388819120        0.407146759383096E-02
   -0.524493924092236        0.231479015871260       -0.819343388819120        0.407146759383096E-02
    0.524493924092236       -0.231479015871260       -0.819343388819120        0.407146759383096E-02
   -0.524493924092236       -0.231479015871260       -0.819343388819120        0.407146759383096E-02
    0.524493924092236        0.819343388819120        0.231479015871260        0.407146759383096E-02
   -0.524493924092236        0.819343388819120        0.231479015871260        0.407146759383096E-02
    0.524493924092236       -0.819343388819120        0.231479015871260        0.407146759383096E-02
   -0.524493924092236       -0.819343388819120        0.231479015871260        0.407146759383096E-02
    0.524493924092236        0.819343388819120       -0.231479015871260        0.407146759383096E-02
   -0.524493924092236        0.819343388819120       -0.231479015871260        0.407146759383096E-02
    0.524493924092236       -0.819343388819120       -0.231479015871260        0.407146759383096E-02
   -0.524493924092236       -0.819343388819120       -0.231479015871260        0.407146759383096E-02
    0.819343388819120        0.231479015871260        0.524493924092236        0.407146759383096E-02
   -0.819343388819120        0.231479015871260        0.524493924092236        0.407146759383096E-02
    0.819343388819120       -0.231479015871260        0.524493924092236        0.407146759383096E-02
   -0.819343388819120       -0.231479015871260        0.524493924092236        0.407146759383096E-02
    0.819343388819120        0.231479015871260       -0.524493924092236        0.407146759383096E-02
   -0.819343388819120        0.231479015871260       -0.524493924092236        0.407146759383096E-02
    0.819343388819120       -0.231479015871260       -0.524493924092236        0.407146759383096E-02
   -0.819343388819120       -0.231479015871260       -0.524493924092236        0.407146759383096E-02
    0.819343388819120        0.524493924092236        0.231479015871260        0.407146759383096E-02
   -0.819343388819120        0.524493924092236        0.231479015871260        0.407146759383096E-02
    0.819343388819120       -0.524493924092236        0.231479015871260        0.407146759383096E-02
   -0.819343388819120       -0.524493924092236        0.231479015871260        0.407146759383096E-02
    0.819343388819120        0.524493924092236       -0.231479015871260        0.407146759383096E-02
   -0.819343388819120        0.524493924092236       -0.231479015871260        0.407146759383096E-02
    0.819343388819120       -0.524493924092236       -0.231479015871260        0.407146759383096E-02
   -0.819343388819120       -0.524493924092236       -0.231479015871260        0.407146759383096E-02
