     1.00000000000000         0.00000000000000         0.00000000000000        0.126984126984127E-01
    -1.00000000000000         0.00000000000000         0.00000000000000        0.126984126984127E-01
     0.00000000000000         1.00000000000000         0.00000000000000        0.126984126984127E-01
     0.00000000000000        -1.00000000000000         0.00000000000000        0.126984126984127E-01
     0.00000000000000         0.00000000000000         1.00000000000000        0.126984126984127E-01
     0.00000000000000         0.00000000000000        -1.00000000000000        0.126984126984127E-01
     0.00000000000000        0.707106781186548        0.707106781186548        0.225749559082892E-01
     0.00000000000000       -0.707106781186548        0.707106781186548        0.225749559082892E-01
     0.00000000000000        0.707106781186548       -0.707106781186548        0.225749559082892E-01
     0.00000000000000       -0.707106781186548       -0.707106781186548        0.225749559082892E-01
    0.707106781186548         0.00000000000000        0.707106781186548        0.225749559082892E-01
   -0.707106781186548         0.00000000000000        0.707106781186548        0.225749559082892E-01
    0.707106781186548         0.00000000000000       -0.707106781186548        0.225749559082892E-01
   -0.707106781186548         0.00000000000000       -0.707106781186548        0.225749559082892E-01
    0.707106781186548        0.707106781186548         0.00000000000000        0.225749559082892E-01
   -0.707106781186548        0.707106781186548         0.00000000000000        0.225749559082892E-01
    0.707106781186548       -0.707106781186548         0.00000000000000        0.225749559082892E-01
   -0.707106781186548       -0.707106781186548         0.00000000000000        0.225749559082892E-01
    0.577350269189626        0.577350269189626        0.577350269189626        0.210937500000000E-01
   -0.577350269189626        0.577350269189626        0.577350269189626        0.210937500000000E-01
    0.577350269189626       -0.577350269189626        0.577350269189626        0.210937500000000E-01
   -0.577350269189626       -0.577350269189626        0.577350269189626        0.210937500000000E-01
    0.577350269189626        0.577350269189626       -0.577350269189626        0.210937500000000E-01
   -0.577350269189626        0.577350269189626       -0.577350269189626        0.210937500000000E-01
    0.577350269189626       -0.577350269189626       -0.577350269189626        0.210937500000000E-01
   -0.577350269189626       -0.577350269189626       -0.577350269189626        0.210937500000000E-01
    0.301511344577764        0.301511344577764        0.904534033733291        0.201733355379189E-01
   -0.301511344577764        0.301511344577764        0.904534033733291        0.201733355379189E-01
    0.301511344577764       -0.301511344577764        0.904534033733291        0.201733355379189E-01
   -0.301511344577764       -0.301511344577764        0.904534033733291        0.201733355379189E-01
    0.301511344577764        0.301511344577764       -0.904534033733291        0.201733355379189E-01
   -0.301511344577764        0.301511344577764       -0.904534033733291        0.201733355379189E-01
    0.301511344577764       -0.301511344577764       -0.904534033733291        0.201733355379189E-01
   -0.301511344577764       -0.301511344577764       -0.904534033733291        0.201733355379189E-01
    0.301511344577764        0.904534033733291        0.301511344577764        0.201733355379189E-01
   -0.301511344577764        0.904534033733291        0.301511344577764        0.201733355379189E-01
    0.301511344577764       -0.904534033733291        0.301511344577764        0.201733355379189E-01
   -0.301511344577764       -0.904534033733291        0.301511344577764        0.201733355379189E-01
    0.301511344577764        0.904534033733291       -0.301511344577764        0.201733355379189E-01
   -0.301511344577764        0.904534033733291       -0.301511344577764        0.201733355379189E-01
    0.301511344577764       -0.904534033733291       -0.301511344577764        0.201733355379189E-01
   -0.301511344577764       -0.904534033733291       -0.301511344577764        0.201733355379189E-01
    0.904534033733291        0.301511344577764        0.301511344577764        0.201733355379189E-01
   -0.904534033733291        0.301511344577764        0.301511344577764        0.201733355379189E-01
    0.904534033733291       -0.301511344577764        0.301511344577764        0.201733355379189E-01
   -0.904534033733291       -0.301511344577764        0.301511344577764        0.201733355379189E-01
    0.904534033733291        0.301511344577764       -0.301511344577764        0.201733355379189E-01
   -0.904534033733291        0.301511344577764       -0.301511344577764        0.201733355379189E-01
    0.904534033733291       -0.301511344577764       -0.301511344577764        0.201733355379189E-01
   -0.904534033733291       -0.301511344577764       -0.301511344577764        0.201733355379189E-01
