     1.00000000000000         0.00000000000000         0.00000000000000        0.143829419052743E-03
    -1.00000000000000         0.00000000000000         0.00000000000000        0.143829419052743E-03
     0.00000000000000         1.00000000000000         0.00000000000000        0.143829419052743E-03
     0.00000000000000        -1.00000000000000         0.00000000000000        0.143829419052743E-03
     0.00000000000000         0.00000000000000         1.00000000000000        0.143829419052743E-03
     0.00000000000000         0.00000000000000        -1.00000000000000        0.143829419052743E-03
    0.577350269189626        0.577350269189626        0.577350269189626        0.112577228828700E-02
   -0.577350269189626        0.577350269189626        0.577350269189626        0.112577228828700E-02
    0.577350269189626       -0.577350269189626        0.577350269189626        0.112577228828700E-02
   -0.577350269189626       -0.577350269189626        0.577350269189626        0.112577228828700E-02
    0.577350269189626        0.577350269189626       -0.577350269189626        0.112577228828700E-02
   -0.577350269189626        0.577350269189626       -0.577350269189626        0.112577228828700E-02
    0.577350269189626       -0.577350269189626       -0.577350269189626        0.112577228828700E-02
   -0.577350269189626       -0.577350269189626       -0.577350269189626        0.112577228828700E-02
    0.429296354534135E-01    0.429296354534135E-01    0.998155345023847        0.494802934194924E-03
   -0.429296354534135E-01    0.429296354534135E-01    0.998155345023847        0.494802934194924E-03
    0.429296354534135E-01   -0.429296354534135E-01    0.998155345023847        0.494802934194924E-03
   -0.429296354534135E-01   -0.429296354534135E-01    0.998155345023847        0.494802934194924E-03
    0.429296354534135E-01    0.429296354534135E-01   -0.998155345023847        0.494802934194924E-03
   -0.429296354534135E-01    0.429296354534135E-01   -0.998155345023847        0.494802934194924E-03
    0.429296354534135E-01   -0.429296354534135E-01   -0.998155345023847        0.494802934194924E-03
   -0.429296354534135E-01   -0.429296354534135E-01   -0.998155345023847        0.494802934194924E-03
    0.429296354534135E-01    0.998155345023847        0.429296354534135E-01    0.494802934194924E-03
   -0.429296354534135E-01    0.998155345023847        0.429296354534135E-01    0.494802934194924E-03
    0.429296354534135E-01   -0.998155345023847        0.429296354534135E-01    0.494802934194924E-03
   -0.429296354534135E-01   -0.998155345023847        0.429296354534135E-01    0.494802934194924E-03
    0.429296354534135E-01    0.998155345023847       -0.429296354534135E-01    0.494802934194924E-03
   -0.429296354534135E-01    0.998155345023847       -0.429296354534135E-01    0.494802934194924E-03
    0.429296354534135E-01   -0.998155345023847       -0.429296354534135E-01    0.494802934194924E-03
   -0.429296354534135E-01   -0.998155345023847       -0.429296354534135E-01    0.494802934194924E-03
    0.998155345023847        0.429296354534135E-01    0.429296354534135E-01    0.494802934194924E-03
   -0.998155345023847        0.429296354534135E-01    0.429296354534135E-01    0.494802934194924E-03
    0.998155345023847       -0.429296354534135E-01    0.429296354534135E-01    0.494802934194924E-03
   -0.998155345023847       -0.429296354534135E-01    0.429296354534135E-01    0.494802934194924E-03
    0.998155345023847        0.429296354534135E-01   -0.429296354534135E-01    0.494802934194924E-03
   -0.998155345023847        0.429296354534135E-01   -0.429296354534135E-01    0.494802934194924E-03
    0.998155345023847       -0.429296354534135E-01   -0.429296354534135E-01    0.494802934194924E-03
   -0.998155345023847       -0.429296354534135E-01   -0.429296354534135E-01    0.494802934194924E-03
    0.105142685408640        0.105142685408640        0.988883224354686        0.735799010912547E-03
   -0.105142685408640        0.105142685408640        0.988883224354686        0.735799010912547E-03
    0.105142685408640       -0.105142685408640        0.988883224354686        0.735799010912547E-03
   -0.105142685408640       -0.105142685408640        0.988883224354686        0.735799010912547E-03
    0.105142685408640        0.105142685408640       -0.988883224354686        0.735799010912547E-03
   -0.105142685408640        0.105142685408640       -0.988883224354686        0.735799010912547E-03
    0.105142685408640       -0.105142685408640       -0.988883224354686        0.735799010912547E-03
   -0.105142685408640       -0.105142685408640       -0.988883224354686        0.735799010912547E-03
    0.105142685408640        0.988883224354686        0.105142685408640        0.735799010912547E-03
   -0.105142685408640        0.988883224354686        0.105142685408640        0.735799010912547E-03
    0.105142685408640       -0.988883224354686        0.105142685408640        0.735799010912547E-03
   -0.105142685408640       -0.988883224354686        0.105142685408640        0.735799010912547E-03
    0.105142685408640        0.988883224354686       -0.105142685408640        0.735799010912547E-03
   -0.105142685408640        0.988883224354686       -0.105142685408640        0.735799010912547E-03
    0.105142685408640       -0.988883224354686       -0.105142685408640        0.735799010912547E-03
   -0.105142685408640       -0.988883224354686       -0.105142685408640        0.735799010912547E-03
    0.988883224354686        0.105142685408640        0.105142685408640        0.735799010912547E-03
   -0.988883224354686        0.105142685408640        0.105142685408640        0.735799010912547E-03
    0.988883224354686       -0.105142685408640        0.105142685408640        0.735799010912547E-03
   -0.988883224354686       -0.105142685408640        0.105142685408640        0.735799010912547E-03
    0.988883224354686        0.105142685408640       -0.105142685408640        0.735799010912547E-03
   -0.988883224354686        0.105142685408640       -0.105142685408640        0.735799010912547E-03
    0.988883224354686       -0.105142685408640       -0.105142685408640        0.735799010912547E-03
   -0.988883224354686       -0.105142685408640       -0.105142685408640        0.735799010912547E-03
    0.175002486762309        0.175002486762309        0.968890220434707        0.888913277130438E-03
   -0.175002486762309        0.175002486762309        0.968890220434707        0.888913277130438E-03
    0.175002486762309       -0.175002486762309        0.968890220434707        0.888913277130438E-03
   -0.175002486762309       -0.175002486762309        0.968890220434707        0.888913277130438E-03
    0.175002486762309        0.175002486762309       -0.968890220434707        0.888913277130438E-03
   -0.175002486762309        0.175002486762309       -0.968890220434707        0.888913277130438E-03
    0.175002486762309       -0.175002486762309       -0.968890220434707        0.888913277130438E-03
   -0.175002486762309       -0.175002486762309       -0.968890220434707        0.888913277130438E-03
    0.175002486762309        0.968890220434707        0.175002486762309        0.888913277130438E-03
   -0.175002486762309        0.968890220434707        0.175002486762309        0.888913277130438E-03
    0.175002486762309       -0.968890220434707        0.175002486762309        0.888913277130438E-03
   -0.175002486762309       -0.968890220434707        0.175002486762309        0.888913277130438E-03
    0.175002486762309        0.968890220434707       -0.175002486762309        0.888913277130438E-03
   -0.175002486762309        0.968890220434707       -0.175002486762309        0.888913277130438E-03
    0.175002486762309       -0.968890220434707       -0.175002486762309        0.888913277130438E-03
   -0.175002486762309       -0.968890220434707       -0.175002486762309        0.888913277130438E-03
    0.968890220434707        0.175002486762309        0.175002486762309        0.888913277130438E-03
   -0.968890220434707        0.175002486762309        0.175002486762309        0.888913277130438E-03
    0.968890220434707       -0.175002486762309        0.175002486762309        0.888913277130438E-03
   -0.968890220434707       -0.175002486762309        0.175002486762309        0.888913277130438E-03
    0.968890220434707        0.175002486762309       -0.175002486762309        0.888913277130438E-03
   -0.968890220434707        0.175002486762309       -0.175002486762309        0.888913277130438E-03
    0.968890220434707       -0.175002486762309       -0.175002486762309        0.888913277130438E-03
   -0.968890220434707       -0.175002486762309       -0.175002486762309        0.888913277130438E-03
    0.247765337965026        0.247765337965026        0.936602730407163        0.988834783892144E-03
   -0.247765337965026        0.247765337965026        0.936602730407163        0.988834783892144E-03
    0.247765337965026       -0.247765337965026        0.936602730407163        0.988834783892144E-03
   -0.247765337965026       -0.247765337965026        0.936602730407163        0.988834783892144E-03
    0.247765337965026        0.247765337965026       -0.936602730407163        0.988834783892144E-03
   -0.247765337965026        0.247765337965026       -0.936602730407163        0.988834783892144E-03
    0.247765337965026       -0.247765337965026       -0.936602730407163        0.988834783892144E-03
   -0.247765337965026       -0.247765337965026       -0.936602730407163        0.988834783892144E-03
    0.247765337965026        0.936602730407163        0.247765337965026        0.988834783892144E-03
   -0.247765337965026        0.936602730407163        0.247765337965026        0.988834783892144E-03
    0.247765337965026       -0.936602730407163        0.247765337965026        0.988834783892144E-03
   -0.247765337965026       -0.936602730407163        0.247765337965026        0.988834783892144E-03
    0.247765337965026        0.936602730407163       -0.247765337965026        0.988834783892144E-03
   -0.247765337965026        0.936602730407163       -0.247765337965026        0.988834783892144E-03
    0.247765337965026       -0.936602730407163       -0.247765337965026        0.988834783892144E-03
   -0.247765337965026       -0.936602730407163       -0.247765337965026        0.988834783892144E-03
    0.936602730407163        0.247765337965026        0.247765337965026        0.988834783892144E-03
   -0.936602730407163        0.247765337965026        0.247765337965026        0.988834783892144E-03
    0.936602730407163       -0.247765337965026        0.247765337965026        0.988834783892144E-03
   -0.936602730407163       -0.247765337965026        0.247765337965026        0.988834783892144E-03
    0.936602730407163        0.247765337965026       -0.247765337965026        0.988834783892144E-03
   -0.936602730407163        0.247765337965026       -0.247765337965026        0.988834783892144E-03
    0.936602730407163       -0.247765337965026       -0.247765337965026        0.988834783892144E-03
   -0.936602730407163       -0.247765337965026       -0.247765337965026        0.988834783892144E-03
    0.320656712395596        0.320656712395596        0.891267942647606        0.105329968170947E-02
   -0.320656712395596        0.320656712395596        0.891267942647606        0.105329968170947E-02
    0.320656712395596       -0.320656712395596        0.891267942647606        0.105329968170947E-02
   -0.320656712395596       -0.320656712395596        0.891267942647606        0.105329968170947E-02
    0.320656712395596        0.320656712395596       -0.891267942647606        0.105329968170947E-02
   -0.320656712395596        0.320656712395596       -0.891267942647606        0.105329968170947E-02
    0.320656712395596       -0.320656712395596       -0.891267942647606        0.105329968170947E-02
   -0.320656712395596       -0.320656712395596       -0.891267942647606        0.105329968170947E-02
    0.320656712395596        0.891267942647606        0.320656712395596        0.105329968170947E-02
   -0.320656712395596        0.891267942647606        0.320656712395596        0.105329968170947E-02
    0.320656712395596       -0.891267942647606        0.320656712395596        0.105329968170947E-02
   -0.320656712395596       -0.891267942647606        0.320656712395596        0.105329968170947E-02
    0.320656712395596        0.891267942647606       -0.320656712395596        0.105329968170947E-02
   -0.320656712395596        0.891267942647606       -0.320656712395596        0.105329968170947E-02
    0.320656712395596       -0.891267942647606       -0.320656712395596        0.105329968170947E-02
   -0.320656712395596       -0.891267942647606       -0.320656712395596        0.105329968170947E-02
    0.891267942647606        0.320656712395596        0.320656712395596        0.105329968170947E-02
   -0.891267942647606        0.320656712395596        0.320656712395596        0.105329968170947E-02
    0.891267942647606       -0.320656712395596        0.320656712395596        0.105329968170947E-02
   -0.891267942647606       -0.320656712395596        0.320656712395596        0.105329968170947E-02
    0.891267942647606        0.320656712395596       -0.320656712395596        0.105329968170947E-02
   -0.891267942647606        0.320656712395596       -0.320656712395596        0.105329968170947E-02
    0.891267942647606       -0.320656712395596       -0.320656712395596        0.105329968170947E-02
   -0.891267942647606       -0.320656712395596       -0.320656712395596        0.105329968170947E-02
    0.391652074984998        0.391652074984998        0.832596723702352        0.109277880701458E-02
   -0.391652074984998        0.391652074984998        0.832596723702352        0.109277880701458E-02
    0.391652074984998       -0.391652074984998        0.832596723702352        0.109277880701458E-02
   -0.391652074984998       -0.391652074984998        0.832596723702352        0.109277880701458E-02
    0.391652074984998        0.391652074984998       -0.832596723702352        0.109277880701458E-02
   -0.391652074984998        0.391652074984998       -0.832596723702352        0.109277880701458E-02
    0.391652074984998       -0.391652074984998       -0.832596723702352        0.109277880701458E-02
   -0.391652074984998       -0.391652074984998       -0.832596723702352        0.109277880701458E-02
    0.391652074984998        0.832596723702352        0.391652074984998        0.109277880701458E-02
   -0.391652074984998        0.832596723702352        0.391652074984998        0.109277880701458E-02
    0.391652074984998       -0.832596723702352        0.391652074984998        0.109277880701458E-02
   -0.391652074984998       -0.832596723702352        0.391652074984998        0.109277880701458E-02
    0.391652074984998        0.832596723702352       -0.391652074984998        0.109277880701458E-02
   -0.391652074984998        0.832596723702352       -0.391652074984998        0.109277880701458E-02
    0.391652074984998       -0.832596723702352       -0.391652074984998        0.109277880701458E-02
   -0.391652074984998       -0.832596723702352       -0.391652074984998        0.109277880701458E-02
    0.832596723702352        0.391652074984998        0.391652074984998        0.109277880701458E-02
   -0.832596723702352        0.391652074984998        0.391652074984998        0.109277880701458E-02
    0.832596723702352       -0.391652074984998        0.391652074984998        0.109277880701458E-02
   -0.832596723702352       -0.391652074984998        0.391652074984998        0.109277880701458E-02
    0.832596723702352        0.391652074984998       -0.391652074984998        0.109277880701458E-02
   -0.832596723702352        0.391652074984998       -0.391652074984998        0.109277880701458E-02
    0.832596723702352       -0.391652074984998       -0.391652074984998        0.109277880701458E-02
   -0.832596723702352       -0.391652074984998       -0.391652074984998        0.109277880701458E-02
    0.459082587418762        0.459082587418762        0.760582905315251        0.111438939406323E-02
   -0.459082587418762        0.459082587418762        0.760582905315251        0.111438939406323E-02
    0.459082587418762       -0.459082587418762        0.760582905315251        0.111438939406323E-02
   -0.459082587418762       -0.459082587418762        0.760582905315251        0.111438939406323E-02
    0.459082587418762        0.459082587418762       -0.760582905315251        0.111438939406323E-02
   -0.459082587418762        0.459082587418762       -0.760582905315251        0.111438939406323E-02
    0.459082587418762       -0.459082587418762       -0.760582905315251        0.111438939406323E-02
   -0.459082587418762       -0.459082587418762       -0.760582905315251        0.111438939406323E-02
    0.459082587418762        0.760582905315251        0.459082587418762        0.111438939406323E-02
   -0.459082587418762        0.760582905315251        0.459082587418762        0.111438939406323E-02
    0.459082587418762       -0.760582905315251        0.459082587418762        0.111438939406323E-02
   -0.459082587418762       -0.760582905315251        0.459082587418762        0.111438939406323E-02
    0.459082587418762        0.760582905315251       -0.459082587418762        0.111438939406323E-02
   -0.459082587418762        0.760582905315251       -0.459082587418762        0.111438939406323E-02
    0.459082587418762       -0.760582905315251       -0.459082587418762        0.111438939406323E-02
   -0.459082587418762       -0.760582905315251       -0.459082587418762        0.111438939406323E-02
    0.760582905315251        0.459082587418762        0.459082587418762        0.111438939406323E-02
   -0.760582905315251        0.459082587418762        0.459082587418762        0.111438939406323E-02
    0.760582905315251       -0.459082587418762        0.459082587418762        0.111438939406323E-02
   -0.760582905315251       -0.459082587418762        0.459082587418762        0.111438939406323E-02
    0.760582905315251        0.459082587418762       -0.459082587418762        0.111438939406323E-02
   -0.760582905315251        0.459082587418762       -0.459082587418762        0.111438939406323E-02
    0.760582905315251       -0.459082587418762       -0.459082587418762        0.111438939406323E-02
   -0.760582905315251       -0.459082587418762       -0.459082587418762        0.111438939406323E-02
    0.521456388841586        0.521456388841586        0.675400969108414        0.112372478805155E-02
   -0.521456388841586        0.521456388841586        0.675400969108414        0.112372478805155E-02
    0.521456388841586       -0.521456388841586        0.675400969108414        0.112372478805155E-02
   -0.521456388841586       -0.521456388841586        0.675400969108414        0.112372478805155E-02
    0.521456388841586        0.521456388841586       -0.675400969108414        0.112372478805155E-02
   -0.521456388841586        0.521456388841586       -0.675400969108414        0.112372478805155E-02
    0.521456388841586       -0.521456388841586       -0.675400969108414        0.112372478805155E-02
   -0.521456388841586       -0.521456388841586       -0.675400969108414        0.112372478805155E-02
    0.521456388841586        0.675400969108414        0.521456388841586        0.112372478805155E-02
   -0.521456388841586        0.675400969108414        0.521456388841586        0.112372478805155E-02
    0.521456388841586       -0.675400969108414        0.521456388841586        0.112372478805155E-02
   -0.521456388841586       -0.675400969108414        0.521456388841586        0.112372478805155E-02
    0.521456388841586        0.675400969108414       -0.521456388841586        0.112372478805155E-02
   -0.521456388841586        0.675400969108414       -0.521456388841586        0.112372478805155E-02
    0.521456388841586       -0.675400969108414       -0.521456388841586        0.112372478805155E-02
   -0.521456388841586       -0.675400969108414       -0.521456388841586        0.112372478805155E-02
    0.675400969108414        0.521456388841586        0.521456388841586        0.112372478805155E-02
   -0.675400969108414        0.521456388841586        0.521456388841586        0.112372478805155E-02
    0.675400969108414       -0.521456388841586        0.521456388841586        0.112372478805155E-02
   -0.675400969108414       -0.521456388841586        0.521456388841586        0.112372478805155E-02
    0.675400969108414        0.521456388841586       -0.521456388841586        0.112372478805155E-02
   -0.675400969108414        0.521456388841586       -0.521456388841586        0.112372478805155E-02
    0.675400969108414       -0.521456388841586       -0.521456388841586        0.112372478805155E-02
   -0.675400969108414       -0.521456388841586       -0.521456388841586        0.112372478805155E-02
    0.625317024465420        0.625317024465420        0.466858905695743        0.112523932524381E-02
   -0.625317024465420        0.625317024465420        0.466858905695743        0.112523932524381E-02
    0.625317024465420       -0.625317024465420        0.466858905695743        0.112523932524381E-02
   -0.625317024465420       -0.625317024465420        0.466858905695743        0.112523932524381E-02
    0.625317024465420        0.625317024465420       -0.466858905695743        0.112523932524381E-02
   -0.625317024465420        0.625317024465420       -0.466858905695743        0.112523932524381E-02
    0.625317024465420       -0.625317024465420       -0.466858905695743        0.112523932524381E-02
   -0.625317024465420       -0.625317024465420       -0.466858905695743        0.112523932524381E-02
    0.625317024465420        0.466858905695743        0.625317024465420        0.112523932524381E-02
   -0.625317024465420        0.466858905695743        0.625317024465420        0.112523932524381E-02
    0.625317024465420       -0.466858905695743        0.625317024465420        0.112523932524381E-02
   -0.625317024465420       -0.466858905695743        0.625317024465420        0.112523932524381E-02
    0.625317024465420        0.466858905695743       -0.625317024465420        0.112523932524381E-02
   -0.625317024465420        0.466858905695743       -0.625317024465420        0.112523932524381E-02
    0.625317024465420       -0.466858905695743       -0.625317024465420        0.112523932524381E-02
   -0.625317024465420       -0.466858905695743       -0.625317024465420        0.112523932524381E-02
    0.466858905695743        0.625317024465420        0.625317024465420        0.112523932524381E-02
   -0.466858905695743        0.625317024465420        0.625317024465420        0.112523932524381E-02
    0.466858905695743       -0.625317024465420        0.625317024465420        0.112523932524381E-02
   -0.466858905695743       -0.625317024465420        0.625317024465420        0.112523932524381E-02
    0.466858905695743        0.625317024465420       -0.625317024465420        0.112523932524381E-02
   -0.466858905695743        0.625317024465420       -0.625317024465420        0.112523932524381E-02
    0.466858905695743       -0.625317024465420       -0.625317024465420        0.112523932524381E-02
   -0.466858905695743       -0.625317024465420       -0.625317024465420        0.112523932524381E-02
    0.663792674452317        0.663792674452317        0.344613654237438        0.112615327181591E-02
   -0.663792674452317        0.663792674452317        0.344613654237438        0.112615327181591E-02
    0.663792674452317       -0.663792674452317        0.344613654237438        0.112615327181591E-02
   -0.663792674452317       -0.663792674452317        0.344613654237438        0.112615327181591E-02
    0.663792674452317        0.663792674452317       -0.344613654237438        0.112615327181591E-02
   -0.663792674452317        0.663792674452317       -0.344613654237438        0.112615327181591E-02
    0.663792674452317       -0.663792674452317       -0.344613654237438        0.112615327181591E-02
   -0.663792674452317       -0.663792674452317       -0.344613654237438        0.112615327181591E-02
    0.663792674452317        0.344613654237438        0.663792674452317        0.112615327181591E-02
   -0.663792674452317        0.344613654237438        0.663792674452317        0.112615327181591E-02
    0.663792674452317       -0.344613654237438        0.663792674452317        0.112615327181591E-02
   -0.663792674452317       -0.344613654237438        0.663792674452317        0.112615327181591E-02
    0.663792674452317        0.344613654237438       -0.663792674452317        0.112615327181591E-02
   -0.663792674452317        0.344613654237438       -0.663792674452317        0.112615327181591E-02
    0.663792674452317       -0.344613654237438       -0.663792674452317        0.112615327181591E-02
   -0.663792674452317       -0.344613654237438       -0.663792674452317        0.112615327181591E-02
    0.344613654237438        0.663792674452317        0.663792674452317        0.112615327181591E-02
   -0.344613654237438        0.663792674452317        0.663792674452317        0.112615327181591E-02
    0.344613654237438       -0.663792674452317        0.663792674452317        0.112615327181591E-02
   -0.344613654237438       -0.663792674452317        0.663792674452317        0.112615327181591E-02
    0.344613654237438        0.663792674452317       -0.663792674452317        0.112615327181591E-02
   -0.344613654237438        0.663792674452317       -0.663792674452317        0.112615327181591E-02
    0.344613654237438       -0.663792674452317       -0.663792674452317        0.112615327181591E-02
   -0.344613654237438       -0.663792674452317       -0.663792674452317        0.112615327181591E-02
    0.691041039849830        0.691041039849830        0.211954151850184        0.113028693112384E-02
   -0.691041039849830        0.691041039849830        0.211954151850184        0.113028693112384E-02
    0.691041039849830       -0.691041039849830        0.211954151850184        0.113028693112384E-02
   -0.691041039849830       -0.691041039849830        0.211954151850184        0.113028693112384E-02
    0.691041039849830        0.691041039849830       -0.211954151850184        0.113028693112384E-02
   -0.691041039849830        0.691041039849830       -0.211954151850184        0.113028693112384E-02
    0.691041039849830       -0.691041039849830       -0.211954151850184        0.113028693112384E-02
   -0.691041039849830       -0.691041039849830       -0.211954151850184        0.113028693112384E-02
    0.691041039849830        0.211954151850184        0.691041039849830        0.113028693112384E-02
   -0.691041039849830        0.211954151850184        0.691041039849830        0.113028693112384E-02
    0.691041039849830       -0.211954151850184        0.691041039849830        0.113028693112384E-02
   -0.691041039849830       -0.211954151850184        0.691041039849830        0.113028693112384E-02
    0.691041039849830        0.211954151850184       -0.691041039849830        0.113028693112384E-02
   -0.691041039849830        0.211954151850184       -0.691041039849830        0.113028693112384E-02
    0.691041039849830       -0.211954151850184       -0.691041039849830        0.113028693112384E-02
   -0.691041039849830       -0.211954151850184       -0.691041039849830        0.113028693112384E-02
    0.211954151850184        0.691041039849830        0.691041039849830        0.113028693112384E-02
   -0.211954151850184        0.691041039849830        0.691041039849830        0.113028693112384E-02
    0.211954151850184       -0.691041039849830        0.691041039849830        0.113028693112384E-02
   -0.211954151850184       -0.691041039849830        0.691041039849830        0.113028693112384E-02
    0.211954151850184        0.691041039849830       -0.691041039849830        0.113028693112384E-02
   -0.211954151850184        0.691041039849830       -0.691041039849830        0.113028693112384E-02
    0.211954151850184       -0.691041039849830       -0.691041039849830        0.113028693112384E-02
   -0.211954151850184       -0.691041039849830       -0.691041039849830        0.113028693112384E-02
    0.705290700745776        0.705290700745776        0.716244014499555E-01    0.113498653436395E-02
   -0.705290700745776        0.705290700745776        0.716244014499555E-01    0.113498653436395E-02
    0.705290700745776       -0.705290700745776        0.716244014499555E-01    0.113498653436395E-02
   -0.705290700745776       -0.705290700745776        0.716244014499555E-01    0.113498653436395E-02
    0.705290700745776        0.705290700745776       -0.716244014499555E-01    0.113498653436395E-02
   -0.705290700745776        0.705290700745776       -0.716244014499555E-01    0.113498653436395E-02
    0.705290700745776       -0.705290700745776       -0.716244014499555E-01    0.113498653436395E-02
   -0.705290700745776       -0.705290700745776       -0.716244014499555E-01    0.113498653436395E-02
    0.705290700745776        0.716244014499555E-01    0.705290700745776        0.113498653436395E-02
   -0.705290700745776        0.716244014499555E-01    0.705290700745776        0.113498653436395E-02
    0.705290700745776       -0.716244014499555E-01    0.705290700745776        0.113498653436395E-02
   -0.705290700745776       -0.716244014499555E-01    0.705290700745776        0.113498653436395E-02
    0.705290700745776        0.716244014499555E-01   -0.705290700745776        0.113498653436395E-02
   -0.705290700745776        0.716244014499555E-01   -0.705290700745776        0.113498653436395E-02
    0.705290700745776       -0.716244014499555E-01   -0.705290700745776        0.113498653436395E-02
   -0.705290700745776       -0.716244014499555E-01   -0.705290700745776        0.113498653436395E-02
    0.716244014499555E-01    0.705290700745776        0.705290700745776        0.113498653436395E-02
   -0.716244014499555E-01    0.705290700745776        0.705290700745776        0.113498653436395E-02
    0.716244014499555E-01   -0.705290700745776        0.705290700745776        0.113498653436395E-02
   -0.716244014499555E-01   -0.705290700745776        0.705290700745776        0.113498653436395E-02
    0.716244014499555E-01    0.705290700745776       -0.705290700745776        0.113498653436395E-02
   -0.716244014499555E-01    0.705290700745776       -0.705290700745776        0.113498653436395E-02
    0.716244014499555E-01   -0.705290700745776       -0.705290700745776        0.113498653436395E-02
   -0.716244014499555E-01   -0.705290700745776       -0.705290700745776        0.113498653436395E-02
    0.123668676265799        0.992323565431490         0.00000000000000        0.682336792710993E-03
   -0.123668676265799        0.992323565431490         0.00000000000000        0.682336792710993E-03
    0.123668676265799       -0.992323565431490         0.00000000000000        0.682336792710993E-03
   -0.123668676265799       -0.992323565431490         0.00000000000000        0.682336792710993E-03
    0.992323565431490        0.123668676265799         0.00000000000000        0.682336792710993E-03
   -0.992323565431490        0.123668676265799         0.00000000000000        0.682336792710993E-03
    0.992323565431490       -0.123668676265799         0.00000000000000        0.682336792710993E-03
   -0.992323565431490       -0.123668676265799         0.00000000000000        0.682336792710993E-03
    0.123668676265799         0.00000000000000        0.992323565431490        0.682336792710993E-03
   -0.123668676265799         0.00000000000000        0.992323565431490        0.682336792710993E-03
    0.123668676265799         0.00000000000000       -0.992323565431490        0.682336792710993E-03
   -0.123668676265799         0.00000000000000       -0.992323565431490        0.682336792710993E-03
    0.992323565431490         0.00000000000000        0.123668676265799        0.682336792710993E-03
   -0.992323565431490         0.00000000000000        0.123668676265799        0.682336792710993E-03
    0.992323565431490         0.00000000000000       -0.123668676265799        0.682336792710993E-03
   -0.992323565431490         0.00000000000000       -0.123668676265799        0.682336792710993E-03
     0.00000000000000        0.123668676265799        0.992323565431490        0.682336792710993E-03
     0.00000000000000       -0.123668676265799        0.992323565431490        0.682336792710993E-03
     0.00000000000000        0.123668676265799       -0.992323565431490        0.682336792710993E-03
     0.00000000000000       -0.123668676265799       -0.992323565431490        0.682336792710993E-03
     0.00000000000000        0.992323565431490        0.123668676265799        0.682336792710993E-03
     0.00000000000000       -0.992323565431490        0.123668676265799        0.682336792710993E-03
     0.00000000000000        0.992323565431490       -0.123668676265799        0.682336792710993E-03
     0.00000000000000       -0.992323565431490       -0.123668676265799        0.682336792710993E-03
    0.294077711446839        0.955781512496548         0.00000000000000        0.945415816044710E-03
   -0.294077711446839        0.955781512496548         0.00000000000000        0.945415816044710E-03
    0.294077711446839       -0.955781512496548         0.00000000000000        0.945415816044710E-03
   -0.294077711446839       -0.955781512496548         0.00000000000000        0.945415816044710E-03
    0.955781512496548        0.294077711446839         0.00000000000000        0.945415816044710E-03
   -0.955781512496548        0.294077711446839         0.00000000000000        0.945415816044710E-03
    0.955781512496548       -0.294077711446839         0.00000000000000        0.945415816044710E-03
   -0.955781512496548       -0.294077711446839         0.00000000000000        0.945415816044710E-03
    0.294077711446839         0.00000000000000        0.955781512496548        0.945415816044710E-03
   -0.294077711446839         0.00000000000000        0.955781512496548        0.945415816044710E-03
    0.294077711446839         0.00000000000000       -0.955781512496548        0.945415816044710E-03
   -0.294077711446839         0.00000000000000       -0.955781512496548        0.945415816044710E-03
    0.955781512496548         0.00000000000000        0.294077711446839        0.945415816044710E-03
   -0.955781512496548         0.00000000000000        0.294077711446839        0.945415816044710E-03
    0.955781512496548         0.00000000000000       -0.294077711446839        0.945415816044710E-03
   -0.955781512496548         0.00000000000000       -0.294077711446839        0.945415816044710E-03
     0.00000000000000        0.294077711446839        0.955781512496548        0.945415816044710E-03
     0.00000000000000       -0.294077711446839        0.955781512496548        0.945415816044710E-03
     0.00000000000000        0.294077711446839       -0.955781512496548        0.945415816044710E-03
     0.00000000000000       -0.294077711446839       -0.955781512496548        0.945415816044710E-03
     0.00000000000000        0.955781512496548        0.294077711446839        0.945415816044710E-03
     0.00000000000000       -0.955781512496548        0.294077711446839        0.945415816044710E-03
     0.00000000000000        0.955781512496548       -0.294077711446839        0.945415816044710E-03
     0.00000000000000       -0.955781512496548       -0.294077711446839        0.945415816044710E-03
    0.469775384920765        0.882785980701182         0.00000000000000        0.107442997538568E-02
   -0.469775384920765        0.882785980701182         0.00000000000000        0.107442997538568E-02
    0.469775384920765       -0.882785980701182         0.00000000000000        0.107442997538568E-02
   -0.469775384920765       -0.882785980701182         0.00000000000000        0.107442997538568E-02
    0.882785980701182        0.469775384920765         0.00000000000000        0.107442997538568E-02
   -0.882785980701182        0.469775384920765         0.00000000000000        0.107442997538568E-02
    0.882785980701182       -0.469775384920765         0.00000000000000        0.107442997538568E-02
   -0.882785980701182       -0.469775384920765         0.00000000000000        0.107442997538568E-02
    0.469775384920765         0.00000000000000        0.882785980701182        0.107442997538568E-02
   -0.469775384920765         0.00000000000000        0.882785980701182        0.107442997538568E-02
    0.469775384920765         0.00000000000000       -0.882785980701182        0.107442997538568E-02
   -0.469775384920765         0.00000000000000       -0.882785980701182        0.107442997538568E-02
    0.882785980701182         0.00000000000000        0.469775384920765        0.107442997538568E-02
   -0.882785980701182         0.00000000000000        0.469775384920765        0.107442997538568E-02
    0.882785980701182         0.00000000000000       -0.469775384920765        0.107442997538568E-02
   -0.882785980701182         0.00000000000000       -0.469775384920765        0.107442997538568E-02
     0.00000000000000        0.469775384920765        0.882785980701182        0.107442997538568E-02
     0.00000000000000       -0.469775384920765        0.882785980701182        0.107442997538568E-02
     0.00000000000000        0.469775384920765       -0.882785980701182        0.107442997538568E-02
     0.00000000000000       -0.469775384920765       -0.882785980701182        0.107442997538568E-02
     0.00000000000000        0.882785980701182        0.469775384920765        0.107442997538568E-02
     0.00000000000000       -0.882785980701182        0.469775384920765        0.107442997538568E-02
     0.00000000000000        0.882785980701182       -0.469775384920765        0.107442997538568E-02
     0.00000000000000       -0.882785980701182       -0.469775384920765        0.107442997538568E-02
    0.633456324113957        0.773778447257375         0.00000000000000        0.112930008656913E-02
   -0.633456324113957        0.773778447257375         0.00000000000000        0.112930008656913E-02
    0.633456324113957       -0.773778447257375         0.00000000000000        0.112930008656913E-02
   -0.633456324113957       -0.773778447257375         0.00000000000000        0.112930008656913E-02
    0.773778447257375        0.633456324113957         0.00000000000000        0.112930008656913E-02
   -0.773778447257375        0.633456324113957         0.00000000000000        0.112930008656913E-02
    0.773778447257375       -0.633456324113957         0.00000000000000        0.112930008656913E-02
   -0.773778447257375       -0.633456324113957         0.00000000000000        0.112930008656913E-02
    0.633456324113957         0.00000000000000        0.773778447257375        0.112930008656913E-02
   -0.633456324113957         0.00000000000000        0.773778447257375        0.112930008656913E-02
    0.633456324113957         0.00000000000000       -0.773778447257375        0.112930008656913E-02
   -0.633456324113957         0.00000000000000       -0.773778447257375        0.112930008656913E-02
    0.773778447257375         0.00000000000000        0.633456324113957        0.112930008656913E-02
   -0.773778447257375         0.00000000000000        0.633456324113957        0.112930008656913E-02
    0.773778447257375         0.00000000000000       -0.633456324113957        0.112930008656913E-02
   -0.773778447257375         0.00000000000000       -0.633456324113957        0.112930008656913E-02
     0.00000000000000        0.633456324113957        0.773778447257375        0.112930008656913E-02
     0.00000000000000       -0.633456324113957        0.773778447257375        0.112930008656913E-02
     0.00000000000000        0.633456324113957       -0.773778447257375        0.112930008656913E-02
     0.00000000000000       -0.633456324113957       -0.773778447257375        0.112930008656913E-02
     0.00000000000000        0.773778447257375        0.633456324113957        0.112930008656913E-02
     0.00000000000000       -0.773778447257375        0.633456324113957        0.112930008656913E-02
     0.00000000000000        0.773778447257375       -0.633456324113957        0.112930008656913E-02
     0.00000000000000       -0.773778447257375       -0.633456324113957        0.112930008656913E-02
    0.597404861418134E-01    0.202912875277752        0.977372722845310        0.843688450090195E-03
   -0.597404861418134E-01    0.202912875277752        0.977372722845310        0.843688450090195E-03
    0.597404861418134E-01   -0.202912875277752        0.977372722845310        0.843688450090195E-03
   -0.597404861418134E-01   -0.202912875277752        0.977372722845310        0.843688450090195E-03
    0.597404861418134E-01    0.202912875277752       -0.977372722845310        0.843688450090195E-03
   -0.597404861418134E-01    0.202912875277752       -0.977372722845310        0.843688450090195E-03
    0.597404861418134E-01   -0.202912875277752       -0.977372722845310        0.843688450090195E-03
   -0.597404861418134E-01   -0.202912875277752       -0.977372722845310        0.843688450090195E-03
    0.597404861418134E-01    0.977372722845310        0.202912875277752        0.843688450090195E-03
   -0.597404861418134E-01    0.977372722845310        0.202912875277752        0.843688450090195E-03
    0.597404861418134E-01   -0.977372722845310        0.202912875277752        0.843688450090195E-03
   -0.597404861418134E-01   -0.977372722845310        0.202912875277752        0.843688450090195E-03
    0.597404861418134E-01    0.977372722845310       -0.202912875277752        0.843688450090195E-03
   -0.597404861418134E-01    0.977372722845310       -0.202912875277752        0.843688450090195E-03
    0.597404861418134E-01   -0.977372722845310       -0.202912875277752        0.843688450090195E-03
   -0.597404861418134E-01   -0.977372722845310       -0.202912875277752        0.843688450090195E-03
    0.202912875277752        0.597404861418134E-01    0.977372722845310        0.843688450090195E-03
   -0.202912875277752        0.597404861418134E-01    0.977372722845310        0.843688450090195E-03
    0.202912875277752       -0.597404861418134E-01    0.977372722845310        0.843688450090195E-03
   -0.202912875277752       -0.597404861418134E-01    0.977372722845310        0.843688450090195E-03
    0.202912875277752        0.597404861418134E-01   -0.977372722845310        0.843688450090195E-03
   -0.202912875277752        0.597404861418134E-01   -0.977372722845310        0.843688450090195E-03
    0.202912875277752       -0.597404861418134E-01   -0.977372722845310        0.843688450090195E-03
   -0.202912875277752       -0.597404861418134E-01   -0.977372722845310        0.843688450090195E-03
    0.202912875277752        0.977372722845310        0.597404861418134E-01    0.843688450090195E-03
   -0.202912875277752        0.977372722845310        0.597404861418134E-01    0.843688450090195E-03
    0.202912875277752       -0.977372722845310        0.597404861418134E-01    0.843688450090195E-03
   -0.202912875277752       -0.977372722845310        0.597404861418134E-01    0.843688450090195E-03
    0.202912875277752        0.977372722845310       -0.597404861418134E-01    0.843688450090195E-03
   -0.202912875277752        0.977372722845310       -0.597404861418134E-01    0.843688450090195E-03
    0.202912875277752       -0.977372722845310       -0.597404861418134E-01    0.843688450090195E-03
   -0.202912875277752       -0.977372722845310       -0.597404861418134E-01    0.843688450090195E-03
    0.977372722845310        0.597404861418134E-01    0.202912875277752        0.843688450090195E-03
   -0.977372722845310        0.597404861418134E-01    0.202912875277752        0.843688450090195E-03
    0.977372722845310       -0.597404861418134E-01    0.202912875277752        0.843688450090195E-03
   -0.977372722845310       -0.597404861418134E-01    0.202912875277752        0.843688450090195E-03
    0.977372722845310        0.597404861418134E-01   -0.202912875277752        0.843688450090195E-03
   -0.977372722845310        0.597404861418134E-01   -0.202912875277752        0.843688450090195E-03
    0.977372722845310       -0.597404861418134E-01   -0.202912875277752        0.843688450090195E-03
   -0.977372722845310       -0.597404861418134E-01   -0.202912875277752        0.843688450090195E-03
    0.977372722845310        0.202912875277752        0.597404861418134E-01    0.843688450090195E-03
   -0.977372722845310        0.202912875277752        0.597404861418134E-01    0.843688450090195E-03
    0.977372722845310       -0.202912875277752        0.597404861418134E-01    0.843688450090195E-03
   -0.977372722845310       -0.202912875277752        0.597404861418134E-01    0.843688450090195E-03
    0.977372722845310        0.202912875277752       -0.597404861418134E-01    0.843688450090195E-03
   -0.977372722845310        0.202912875277752       -0.597404861418134E-01    0.843688450090195E-03
    0.977372722845310       -0.202912875277752       -0.597404861418134E-01    0.843688450090195E-03
   -0.977372722845310       -0.202912875277752       -0.597404861418134E-01    0.843688450090195E-03
    0.137576040847364        0.460262194248405        0.877058461865803        0.107525572044889E-02
   -0.137576040847364        0.460262194248405        0.877058461865803        0.107525572044889E-02
    0.137576040847364       -0.460262194248405        0.877058461865803        0.107525572044889E-02
   -0.137576040847364       -0.460262194248405        0.877058461865803        0.107525572044889E-02
    0.137576040847364        0.460262194248405       -0.877058461865803        0.107525572044889E-02
   -0.137576040847364        0.460262194248405       -0.877058461865803        0.107525572044889E-02
    0.137576040847364       -0.460262194248405       -0.877058461865803        0.107525572044889E-02
   -0.137576040847364       -0.460262194248405       -0.877058461865803        0.107525572044889E-02
    0.137576040847364        0.877058461865803        0.460262194248405        0.107525572044889E-02
   -0.137576040847364        0.877058461865803        0.460262194248405        0.107525572044889E-02
    0.137576040847364       -0.877058461865803        0.460262194248405        0.107525572044889E-02
   -0.137576040847364       -0.877058461865803        0.460262194248405        0.107525572044889E-02
    0.137576040847364        0.877058461865803       -0.460262194248405        0.107525572044889E-02
   -0.137576040847364        0.877058461865803       -0.460262194248405        0.107525572044889E-02
    0.137576040847364       -0.877058461865803       -0.460262194248405        0.107525572044889E-02
   -0.137576040847364       -0.877058461865803       -0.460262194248405        0.107525572044889E-02
    0.460262194248405        0.137576040847364        0.877058461865803        0.107525572044889E-02
   -0.460262194248405        0.137576040847364        0.877058461865803        0.107525572044889E-02
    0.460262194248405       -0.137576040847364        0.877058461865803        0.107525572044889E-02
   -0.460262194248405       -0.137576040847364        0.877058461865803        0.107525572044889E-02
    0.460262194248405        0.137576040847364       -0.877058461865803        0.107525572044889E-02
   -0.460262194248405        0.137576040847364       -0.877058461865803        0.107525572044889E-02
    0.460262194248405       -0.137576040847364       -0.877058461865803        0.107525572044889E-02
   -0.460262194248405       -0.137576040847364       -0.877058461865803        0.107525572044889E-02
    0.460262194248405        0.877058461865803        0.137576040847364        0.107525572044889E-02
   -0.460262194248405        0.877058461865803        0.137576040847364        0.107525572044889E-02
    0.460262194248405       -0.877058461865803        0.137576040847364        0.107525572044889E-02
   -0.460262194248405       -0.877058461865803        0.137576040847364        0.107525572044889E-02
    0.460262194248405        0.877058461865803       -0.137576040847364        0.107525572044889E-02
   -0.460262194248405        0.877058461865803       -0.137576040847364        0.107525572044889E-02
    0.460262194248405       -0.877058461865803       -0.137576040847364        0.107525572044889E-02
   -0.460262194248405       -0.877058461865803       -0.137576040847364        0.107525572044889E-02
    0.877058461865803        0.137576040847364        0.460262194248405        0.107525572044889E-02
   -0.877058461865803        0.137576040847364        0.460262194248405        0.107525572044889E-02
    0.877058461865803       -0.137576040847364        0.460262194248405        0.107525572044889E-02
   -0.877058461865803       -0.137576040847364        0.460262194248405        0.107525572044889E-02
    0.877058461865803        0.137576040847364       -0.460262194248405        0.107525572044889E-02
   -0.877058461865803        0.137576040847364       -0.460262194248405        0.107525572044889E-02
    0.877058461865803       -0.137576040847364       -0.460262194248405        0.107525572044889E-02
   -0.877058461865803       -0.137576040847364       -0.460262194248405        0.107525572044889E-02
    0.877058461865803        0.460262194248405        0.137576040847364        0.107525572044889E-02
   -0.877058461865803        0.460262194248405        0.137576040847364        0.107525572044889E-02
    0.877058461865803       -0.460262194248405        0.137576040847364        0.107525572044889E-02
   -0.877058461865803       -0.460262194248405        0.137576040847364        0.107525572044889E-02
    0.877058461865803        0.460262194248405       -0.137576040847364        0.107525572044889E-02
   -0.877058461865803        0.460262194248405       -0.137576040847364        0.107525572044889E-02
    0.877058461865803       -0.460262194248405       -0.137576040847364        0.107525572044889E-02
   -0.877058461865803       -0.460262194248405       -0.137576040847364        0.107525572044889E-02
    0.339101652633629        0.503067399966204        0.794942299964208        0.110857723686446E-02
   -0.339101652633629        0.503067399966204        0.794942299964208        0.110857723686446E-02
    0.339101652633629       -0.503067399966204        0.794942299964208        0.110857723686446E-02
   -0.339101652633629       -0.503067399966204        0.794942299964208        0.110857723686446E-02
    0.339101652633629        0.503067399966204       -0.794942299964208        0.110857723686446E-02
   -0.339101652633629        0.503067399966204       -0.794942299964208        0.110857723686446E-02
    0.339101652633629       -0.503067399966204       -0.794942299964208        0.110857723686446E-02
   -0.339101652633629       -0.503067399966204       -0.794942299964208        0.110857723686446E-02
    0.339101652633629        0.794942299964208        0.503067399966204        0.110857723686446E-02
   -0.339101652633629        0.794942299964208        0.503067399966204        0.110857723686446E-02
    0.339101652633629       -0.794942299964208        0.503067399966204        0.110857723686446E-02
   -0.339101652633629       -0.794942299964208        0.503067399966204        0.110857723686446E-02
    0.339101652633629        0.794942299964208       -0.503067399966204        0.110857723686446E-02
   -0.339101652633629        0.794942299964208       -0.503067399966204        0.110857723686446E-02
    0.339101652633629       -0.794942299964208       -0.503067399966204        0.110857723686446E-02
   -0.339101652633629       -0.794942299964208       -0.503067399966204        0.110857723686446E-02
    0.503067399966204        0.339101652633629        0.794942299964208        0.110857723686446E-02
   -0.503067399966204        0.339101652633629        0.794942299964208        0.110857723686446E-02
    0.503067399966204       -0.339101652633629        0.794942299964208        0.110857723686446E-02
   -0.503067399966204       -0.339101652633629        0.794942299964208        0.110857723686446E-02
    0.503067399966204        0.339101652633629       -0.794942299964208        0.110857723686446E-02
   -0.503067399966204        0.339101652633629       -0.794942299964208        0.110857723686446E-02
    0.503067399966204       -0.339101652633629       -0.794942299964208        0.110857723686446E-02
   -0.503067399966204       -0.339101652633629       -0.794942299964208        0.110857723686446E-02
    0.503067399966204        0.794942299964208        0.339101652633629        0.110857723686446E-02
   -0.503067399966204        0.794942299964208        0.339101652633629        0.110857723686446E-02
    0.503067399966204       -0.794942299964208        0.339101652633629        0.110857723686446E-02
   -0.503067399966204       -0.794942299964208        0.339101652633629        0.110857723686446E-02
    0.503067399966204        0.794942299964208       -0.339101652633629        0.110857723686446E-02
   -0.503067399966204        0.794942299964208       -0.339101652633629        0.110857723686446E-02
    0.503067399966204       -0.794942299964208       -0.339101652633629        0.110857723686446E-02
   -0.503067399966204       -0.794942299964208       -0.339101652633629        0.110857723686446E-02
    0.794942299964208        0.339101652633629        0.503067399966204        0.110857723686446E-02
   -0.794942299964208        0.339101652633629        0.503067399966204        0.110857723686446E-02
    0.794942299964208       -0.339101652633629        0.503067399966204        0.110857723686446E-02
   -0.794942299964208       -0.339101652633629        0.503067399966204        0.110857723686446E-02
    0.794942299964208        0.339101652633629       -0.503067399966204        0.110857723686446E-02
   -0.794942299964208        0.339101652633629       -0.503067399966204        0.110857723686446E-02
    0.794942299964208       -0.339101652633629       -0.503067399966204        0.110857723686446E-02
   -0.794942299964208       -0.339101652633629       -0.503067399966204        0.110857723686446E-02
    0.794942299964208        0.503067399966204        0.339101652633629        0.110857723686446E-02
   -0.794942299964208        0.503067399966204        0.339101652633629        0.110857723686446E-02
    0.794942299964208       -0.503067399966204        0.339101652633629        0.110857723686446E-02
   -0.794942299964208       -0.503067399966204        0.339101652633629        0.110857723686446E-02
    0.794942299964208        0.503067399966204       -0.339101652633629        0.110857723686446E-02
   -0.794942299964208        0.503067399966204       -0.339101652633629        0.110857723686446E-02
    0.794942299964208       -0.503067399966204       -0.339101652633629        0.110857723686446E-02
   -0.794942299964208       -0.503067399966204       -0.339101652633629        0.110857723686446E-02
    0.127167519143982        0.281760642244213        0.951020169374390        0.956647532378336E-03
   -0.127167519143982        0.281760642244213        0.951020169374390        0.956647532378336E-03
    0.127167519143982       -0.281760642244213        0.951020169374390        0.956647532378336E-03
   -0.127167519143982       -0.281760642244213        0.951020169374390        0.956647532378336E-03
    0.127167519143982        0.281760642244213       -0.951020169374390        0.956647532378336E-03
   -0.127167519143982        0.281760642244213       -0.951020169374390        0.956647532378336E-03
    0.127167519143982       -0.281760642244213       -0.951020169374390        0.956647532378336E-03
   -0.127167519143982       -0.281760642244213       -0.951020169374390        0.956647532378336E-03
    0.127167519143982        0.951020169374390        0.281760642244213        0.956647532378336E-03
   -0.127167519143982        0.951020169374390        0.281760642244213        0.956647532378336E-03
    0.127167519143982       -0.951020169374390        0.281760642244213        0.956647532378336E-03
   -0.127167519143982       -0.951020169374390        0.281760642244213        0.956647532378336E-03
    0.127167519143982        0.951020169374390       -0.281760642244213        0.956647532378336E-03
   -0.127167519143982        0.951020169374390       -0.281760642244213        0.956647532378336E-03
    0.127167519143982       -0.951020169374390       -0.281760642244213        0.956647532378336E-03
   -0.127167519143982       -0.951020169374390       -0.281760642244213        0.956647532378336E-03
    0.281760642244213        0.127167519143982        0.951020169374390        0.956647532378336E-03
   -0.281760642244213        0.127167519143982        0.951020169374390        0.956647532378336E-03
    0.281760642244213       -0.127167519143982        0.951020169374390        0.956647532378336E-03
   -0.281760642244213       -0.127167519143982        0.951020169374390        0.956647532378336E-03
    0.281760642244213        0.127167519143982       -0.951020169374390        0.956647532378336E-03
   -0.281760642244213        0.127167519143982       -0.951020169374390        0.956647532378336E-03
    0.281760642244213       -0.127167519143982       -0.951020169374390        0.956647532378336E-03
   -0.281760642244213       -0.127167519143982       -0.951020169374390        0.956647532378336E-03
    0.281760642244213        0.951020169374390        0.127167519143982        0.956647532378336E-03
   -0.281760642244213        0.951020169374390        0.127167519143982        0.956647532378336E-03
    0.281760642244213       -0.951020169374390        0.127167519143982        0.956647532378336E-03
   -0.281760642244213       -0.951020169374390        0.127167519143982        0.956647532378336E-03
    0.281760642244213        0.951020169374390       -0.127167519143982        0.956647532378336E-03
   -0.281760642244213        0.951020169374390       -0.127167519143982        0.956647532378336E-03
    0.281760642244213       -0.951020169374390       -0.127167519143982        0.956647532378336E-03
   -0.281760642244213       -0.951020169374390       -0.127167519143982        0.956647532378336E-03
    0.951020169374390        0.127167519143982        0.281760642244213        0.956647532378336E-03
   -0.951020169374390        0.127167519143982        0.281760642244213        0.956647532378336E-03
    0.951020169374390       -0.127167519143982        0.281760642244213        0.956647532378336E-03
   -0.951020169374390       -0.127167519143982        0.281760642244213        0.956647532378336E-03
    0.951020169374390        0.127167519143982       -0.281760642244213        0.956647532378336E-03
   -0.951020169374390        0.127167519143982       -0.281760642244213        0.956647532378336E-03
    0.951020169374390       -0.127167519143982       -0.281760642244213        0.956647532378336E-03
   -0.951020169374390       -0.127167519143982       -0.281760642244213        0.956647532378336E-03
    0.951020169374390        0.281760642244213        0.127167519143982        0.956647532378336E-03
   -0.951020169374390        0.281760642244213        0.127167519143982        0.956647532378336E-03
    0.951020169374390       -0.281760642244213        0.127167519143982        0.956647532378336E-03
   -0.951020169374390       -0.281760642244213        0.127167519143982        0.956647532378336E-03
    0.951020169374390        0.281760642244213       -0.127167519143982        0.956647532378336E-03
   -0.951020169374390        0.281760642244213       -0.127167519143982        0.956647532378336E-03
    0.951020169374390       -0.281760642244213       -0.127167519143982        0.956647532378336E-03
   -0.951020169374390       -0.281760642244213       -0.127167519143982        0.956647532378336E-03
    0.269312074041351        0.433156129172016        0.860143461601762        0.108066325071739E-02
   -0.269312074041351        0.433156129172016        0.860143461601762        0.108066325071739E-02
    0.269312074041351       -0.433156129172016        0.860143461601762        0.108066325071739E-02
   -0.269312074041351       -0.433156129172016        0.860143461601762        0.108066325071739E-02
    0.269312074041351        0.433156129172016       -0.860143461601762        0.108066325071739E-02
   -0.269312074041351        0.433156129172016       -0.860143461601762        0.108066325071739E-02
    0.269312074041351       -0.433156129172016       -0.860143461601762        0.108066325071739E-02
   -0.269312074041351       -0.433156129172016       -0.860143461601762        0.108066325071739E-02
    0.269312074041351        0.860143461601762        0.433156129172016        0.108066325071739E-02
   -0.269312074041351        0.860143461601762        0.433156129172016        0.108066325071739E-02
    0.269312074041351       -0.860143461601762        0.433156129172016        0.108066325071739E-02
   -0.269312074041351       -0.860143461601762        0.433156129172016        0.108066325071739E-02
    0.269312074041351        0.860143461601762       -0.433156129172016        0.108066325071739E-02
   -0.269312074041351        0.860143461601762       -0.433156129172016        0.108066325071739E-02
    0.269312074041351       -0.860143461601762       -0.433156129172016        0.108066325071739E-02
   -0.269312074041351       -0.860143461601762       -0.433156129172016        0.108066325071739E-02
    0.433156129172016        0.269312074041351        0.860143461601762        0.108066325071739E-02
   -0.433156129172016        0.269312074041351        0.860143461601762        0.108066325071739E-02
    0.433156129172016       -0.269312074041351        0.860143461601762        0.108066325071739E-02
   -0.433156129172016       -0.269312074041351        0.860143461601762        0.108066325071739E-02
    0.433156129172016        0.269312074041351       -0.860143461601762        0.108066325071739E-02
   -0.433156129172016        0.269312074041351       -0.860143461601762        0.108066325071739E-02
    0.433156129172016       -0.269312074041351       -0.860143461601762        0.108066325071739E-02
   -0.433156129172016       -0.269312074041351       -0.860143461601762        0.108066325071739E-02
    0.433156129172016        0.860143461601762        0.269312074041351        0.108066325071739E-02
   -0.433156129172016        0.860143461601762        0.269312074041351        0.108066325071739E-02
    0.433156129172016       -0.860143461601762        0.269312074041351        0.108066325071739E-02
   -0.433156129172016       -0.860143461601762        0.269312074041351        0.108066325071739E-02
    0.433156129172016        0.860143461601762       -0.269312074041351        0.108066325071739E-02
   -0.433156129172016        0.860143461601762       -0.269312074041351        0.108066325071739E-02
    0.433156129172016       -0.860143461601762       -0.269312074041351        0.108066325071739E-02
   -0.433156129172016       -0.860143461601762       -0.269312074041351        0.108066325071739E-02
    0.860143461601762        0.269312074041351        0.433156129172016        0.108066325071739E-02
   -0.860143461601762        0.269312074041351        0.433156129172016        0.108066325071739E-02
    0.860143461601762       -0.269312074041351        0.433156129172016        0.108066325071739E-02
   -0.860143461601762       -0.269312074041351        0.433156129172016        0.108066325071739E-02
    0.860143461601762        0.269312074041351       -0.433156129172016        0.108066325071739E-02
   -0.860143461601762        0.269312074041351       -0.433156129172016        0.108066325071739E-02
    0.860143461601762       -0.269312074041351       -0.433156129172016        0.108066325071739E-02
   -0.860143461601762       -0.269312074041351       -0.433156129172016        0.108066325071739E-02
    0.860143461601762        0.433156129172016        0.269312074041351        0.108066325071739E-02
   -0.860143461601762        0.433156129172016        0.269312074041351        0.108066325071739E-02
    0.860143461601762       -0.433156129172016        0.269312074041351        0.108066325071739E-02
   -0.860143461601762       -0.433156129172016        0.269312074041351        0.108066325071739E-02
    0.860143461601762        0.433156129172016       -0.269312074041351        0.108066325071739E-02
   -0.860143461601762        0.433156129172016       -0.269312074041351        0.108066325071739E-02
    0.860143461601762       -0.433156129172016       -0.269312074041351        0.108066325071739E-02
   -0.860143461601762       -0.433156129172016       -0.269312074041351        0.108066325071739E-02
    0.141978645260192        0.625616735858081        0.767102186220558        0.112679713119630E-02
   -0.141978645260192        0.625616735858081        0.767102186220558        0.112679713119630E-02
    0.141978645260192       -0.625616735858081        0.767102186220558        0.112679713119630E-02
   -0.141978645260192       -0.625616735858081        0.767102186220558        0.112679713119630E-02
    0.141978645260192        0.625616735858081       -0.767102186220558        0.112679713119630E-02
   -0.141978645260192        0.625616735858081       -0.767102186220558        0.112679713119630E-02
    0.141978645260192       -0.625616735858081       -0.767102186220558        0.112679713119630E-02
   -0.141978645260192       -0.625616735858081       -0.767102186220558        0.112679713119630E-02
    0.141978645260192        0.767102186220558        0.625616735858081        0.112679713119630E-02
   -0.141978645260192        0.767102186220558        0.625616735858081        0.112679713119630E-02
    0.141978645260192       -0.767102186220558        0.625616735858081        0.112679713119630E-02
   -0.141978645260192       -0.767102186220558        0.625616735858081        0.112679713119630E-02
    0.141978645260192        0.767102186220558       -0.625616735858081        0.112679713119630E-02
   -0.141978645260192        0.767102186220558       -0.625616735858081        0.112679713119630E-02
    0.141978645260192       -0.767102186220558       -0.625616735858081        0.112679713119630E-02
   -0.141978645260192       -0.767102186220558       -0.625616735858081        0.112679713119630E-02
    0.625616735858081        0.141978645260192        0.767102186220558        0.112679713119630E-02
   -0.625616735858081        0.141978645260192        0.767102186220558        0.112679713119630E-02
    0.625616735858081       -0.141978645260192        0.767102186220558        0.112679713119630E-02
   -0.625616735858081       -0.141978645260192        0.767102186220558        0.112679713119630E-02
    0.625616735858081        0.141978645260192       -0.767102186220558        0.112679713119630E-02
   -0.625616735858081        0.141978645260192       -0.767102186220558        0.112679713119630E-02
    0.625616735858081       -0.141978645260192       -0.767102186220558        0.112679713119630E-02
   -0.625616735858081       -0.141978645260192       -0.767102186220558        0.112679713119630E-02
    0.625616735858081        0.767102186220558        0.141978645260192        0.112679713119630E-02
   -0.625616735858081        0.767102186220558        0.141978645260192        0.112679713119630E-02
    0.625616735858081       -0.767102186220558        0.141978645260192        0.112679713119630E-02
   -0.625616735858081       -0.767102186220558        0.141978645260192        0.112679713119630E-02
    0.625616735858081        0.767102186220558       -0.141978645260192        0.112679713119630E-02
   -0.625616735858081        0.767102186220558       -0.141978645260192        0.112679713119630E-02
    0.625616735858081       -0.767102186220558       -0.141978645260192        0.112679713119630E-02
   -0.625616735858081       -0.767102186220558       -0.141978645260192        0.112679713119630E-02
    0.767102186220558        0.141978645260192        0.625616735858081        0.112679713119630E-02
   -0.767102186220558        0.141978645260192        0.625616735858081        0.112679713119630E-02
    0.767102186220558       -0.141978645260192        0.625616735858081        0.112679713119630E-02
   -0.767102186220558       -0.141978645260192        0.625616735858081        0.112679713119630E-02
    0.767102186220558        0.141978645260192       -0.625616735858081        0.112679713119630E-02
   -0.767102186220558        0.141978645260192       -0.625616735858081        0.112679713119630E-02
    0.767102186220558       -0.141978645260192       -0.625616735858081        0.112679713119630E-02
   -0.767102186220558       -0.141978645260192       -0.625616735858081        0.112679713119630E-02
    0.767102186220558        0.625616735858081        0.141978645260192        0.112679713119630E-02
   -0.767102186220558        0.625616735858081        0.141978645260192        0.112679713119630E-02
    0.767102186220558       -0.625616735858081        0.141978645260192        0.112679713119630E-02
   -0.767102186220558       -0.625616735858081        0.141978645260192        0.112679713119630E-02
    0.767102186220558        0.625616735858081       -0.141978645260192        0.112679713119630E-02
   -0.767102186220558        0.625616735858081       -0.141978645260192        0.112679713119630E-02
    0.767102186220558       -0.625616735858081       -0.141978645260192        0.112679713119630E-02
   -0.767102186220558       -0.625616735858081       -0.141978645260192        0.112679713119630E-02
    0.670928460073826E-01    0.379839521685916        0.922616110730809        0.102256871535806E-02
   -0.670928460073826E-01    0.379839521685916        0.922616110730809        0.102256871535806E-02
    0.670928460073826E-01   -0.379839521685916        0.922616110730809        0.102256871535806E-02
   -0.670928460073826E-01   -0.379839521685916        0.922616110730809        0.102256871535806E-02
    0.670928460073826E-01    0.379839521685916       -0.922616110730809        0.102256871535806E-02
   -0.670928460073826E-01    0.379839521685916       -0.922616110730809        0.102256871535806E-02
    0.670928460073826E-01   -0.379839521685916       -0.922616110730809        0.102256871535806E-02
   -0.670928460073826E-01   -0.379839521685916       -0.922616110730809        0.102256871535806E-02
    0.670928460073826E-01    0.922616110730809        0.379839521685916        0.102256871535806E-02
   -0.670928460073826E-01    0.922616110730809        0.379839521685916        0.102256871535806E-02
    0.670928460073826E-01   -0.922616110730809        0.379839521685916        0.102256871535806E-02
   -0.670928460073826E-01   -0.922616110730809        0.379839521685916        0.102256871535806E-02
    0.670928460073826E-01    0.922616110730809       -0.379839521685916        0.102256871535806E-02
   -0.670928460073826E-01    0.922616110730809       -0.379839521685916        0.102256871535806E-02
    0.670928460073826E-01   -0.922616110730809       -0.379839521685916        0.102256871535806E-02
   -0.670928460073826E-01   -0.922616110730809       -0.379839521685916        0.102256871535806E-02
    0.379839521685916        0.670928460073826E-01    0.922616110730809        0.102256871535806E-02
   -0.379839521685916        0.670928460073826E-01    0.922616110730809        0.102256871535806E-02
    0.379839521685916       -0.670928460073826E-01    0.922616110730809        0.102256871535806E-02
   -0.379839521685916       -0.670928460073826E-01    0.922616110730809        0.102256871535806E-02
    0.379839521685916        0.670928460073826E-01   -0.922616110730809        0.102256871535806E-02
   -0.379839521685916        0.670928460073826E-01   -0.922616110730809        0.102256871535806E-02
    0.379839521685916       -0.670928460073826E-01   -0.922616110730809        0.102256871535806E-02
   -0.379839521685916       -0.670928460073826E-01   -0.922616110730809        0.102256871535806E-02
    0.379839521685916        0.922616110730809        0.670928460073826E-01    0.102256871535806E-02
   -0.379839521685916        0.922616110730809        0.670928460073826E-01    0.102256871535806E-02
    0.379839521685916       -0.922616110730809        0.670928460073826E-01    0.102256871535806E-02
   -0.379839521685916       -0.922616110730809        0.670928460073826E-01    0.102256871535806E-02
    0.379839521685916        0.922616110730809       -0.670928460073826E-01    0.102256871535806E-02
   -0.379839521685916        0.922616110730809       -0.670928460073826E-01    0.102256871535806E-02
    0.379839521685916       -0.922616110730809       -0.670928460073826E-01    0.102256871535806E-02
   -0.379839521685916       -0.922616110730809       -0.670928460073826E-01    0.102256871535806E-02
    0.922616110730809        0.670928460073826E-01    0.379839521685916        0.102256871535806E-02
   -0.922616110730809        0.670928460073826E-01    0.379839521685916        0.102256871535806E-02
    0.922616110730809       -0.670928460073826E-01    0.379839521685916        0.102256871535806E-02
   -0.922616110730809       -0.670928460073826E-01    0.379839521685916        0.102256871535806E-02
    0.922616110730809        0.670928460073826E-01   -0.379839521685916        0.102256871535806E-02
   -0.922616110730809        0.670928460073826E-01   -0.379839521685916        0.102256871535806E-02
    0.922616110730809       -0.670928460073826E-01   -0.379839521685916        0.102256871535806E-02
   -0.922616110730809       -0.670928460073826E-01   -0.379839521685916        0.102256871535806E-02
    0.922616110730809        0.379839521685916        0.670928460073826E-01    0.102256871535806E-02
   -0.922616110730809        0.379839521685916        0.670928460073826E-01    0.102256871535806E-02
    0.922616110730809       -0.379839521685916        0.670928460073826E-01    0.102256871535806E-02
   -0.922616110730809       -0.379839521685916        0.670928460073826E-01    0.102256871535806E-02
    0.922616110730809        0.379839521685916       -0.670928460073826E-01    0.102256871535806E-02
   -0.922616110730809        0.379839521685916       -0.670928460073826E-01    0.102256871535806E-02
    0.922616110730809       -0.379839521685916       -0.670928460073826E-01    0.102256871535806E-02
   -0.922616110730809       -0.379839521685916       -0.670928460073826E-01    0.102256871535806E-02
    0.705773818325617E-01    0.551750542142352        0.831017552413474        0.110896026771311E-02
   -0.705773818325617E-01    0.551750542142352        0.831017552413474        0.110896026771311E-02
    0.705773818325617E-01   -0.551750542142352        0.831017552413474        0.110896026771311E-02
   -0.705773818325617E-01   -0.551750542142352        0.831017552413474        0.110896026771311E-02
    0.705773818325617E-01    0.551750542142352       -0.831017552413474        0.110896026771311E-02
   -0.705773818325617E-01    0.551750542142352       -0.831017552413474        0.110896026771311E-02
    0.705773818325617E-01   -0.551750542142352       -0.831017552413474        0.110896026771311E-02
   -0.705773818325617E-01   -0.551750542142352       -0.831017552413474        0.110896026771311E-02
    0.705773818325617E-01    0.831017552413474        0.551750542142352        0.110896026771311E-02
   -0.705773818325617E-01    0.831017552413474        0.551750542142352        0.110896026771311E-02
    0.705773818325617E-01   -0.831017552413474        0.551750542142352        0.110896026771311E-02
   -0.705773818325617E-01   -0.831017552413474        0.551750542142352        0.110896026771311E-02
    0.705773818325617E-01    0.831017552413474       -0.551750542142352        0.110896026771311E-02
   -0.705773818325617E-01    0.831017552413474       -0.551750542142352        0.110896026771311E-02
    0.705773818325617E-01   -0.831017552413474       -0.551750542142352        0.110896026771311E-02
   -0.705773818325617E-01   -0.831017552413474       -0.551750542142352        0.110896026771311E-02
    0.551750542142352        0.705773818325617E-01    0.831017552413474        0.110896026771311E-02
   -0.551750542142352        0.705773818325617E-01    0.831017552413474        0.110896026771311E-02
    0.551750542142352       -0.705773818325617E-01    0.831017552413474        0.110896026771311E-02
   -0.551750542142352       -0.705773818325617E-01    0.831017552413474        0.110896026771311E-02
    0.551750542142352        0.705773818325617E-01   -0.831017552413474        0.110896026771311E-02
   -0.551750542142352        0.705773818325617E-01   -0.831017552413474        0.110896026771311E-02
    0.551750542142352       -0.705773818325617E-01   -0.831017552413474        0.110896026771311E-02
   -0.551750542142352       -0.705773818325617E-01   -0.831017552413474        0.110896026771311E-02
    0.551750542142352        0.831017552413474        0.705773818325617E-01    0.110896026771311E-02
   -0.551750542142352        0.831017552413474        0.705773818325617E-01    0.110896026771311E-02
    0.551750542142352       -0.831017552413474        0.705773818325617E-01    0.110896026771311E-02
   -0.551750542142352       -0.831017552413474        0.705773818325617E-01    0.110896026771311E-02
    0.551750542142352        0.831017552413474       -0.705773818325617E-01    0.110896026771311E-02
   -0.551750542142352        0.831017552413474       -0.705773818325617E-01    0.110896026771311E-02
    0.551750542142352       -0.831017552413474       -0.705773818325617E-01    0.110896026771311E-02
   -0.551750542142352       -0.831017552413474       -0.705773818325617E-01    0.110896026771311E-02
    0.831017552413474        0.705773818325617E-01    0.551750542142352        0.110896026771311E-02
   -0.831017552413474        0.705773818325617E-01    0.551750542142352        0.110896026771311E-02
    0.831017552413474       -0.705773818325617E-01    0.551750542142352        0.110896026771311E-02
   -0.831017552413474       -0.705773818325617E-01    0.551750542142352        0.110896026771311E-02
    0.831017552413474        0.705773818325617E-01   -0.551750542142352        0.110896026771311E-02
   -0.831017552413474        0.705773818325617E-01   -0.551750542142352        0.110896026771311E-02
    0.831017552413474       -0.705773818325617E-01   -0.551750542142352        0.110896026771311E-02
   -0.831017552413474       -0.705773818325617E-01   -0.551750542142352        0.110896026771311E-02
    0.831017552413474        0.551750542142352        0.705773818325617E-01    0.110896026771311E-02
   -0.831017552413474        0.551750542142352        0.705773818325617E-01    0.110896026771311E-02
    0.831017552413474       -0.551750542142352        0.705773818325617E-01    0.110896026771311E-02
   -0.831017552413474       -0.551750542142352        0.705773818325617E-01    0.110896026771311E-02
    0.831017552413474        0.551750542142352       -0.705773818325617E-01    0.110896026771311E-02
   -0.831017552413474        0.551750542142352       -0.705773818325617E-01    0.110896026771311E-02
    0.831017552413474       -0.551750542142352       -0.705773818325617E-01    0.110896026771311E-02
   -0.831017552413474       -0.551750542142352       -0.705773818325617E-01    0.110896026771311E-02
    0.278388847788215        0.602961915615919        0.747620610834086        0.112279065343577E-02
   -0.278388847788215        0.602961915615919        0.747620610834086        0.112279065343577E-02
    0.278388847788215       -0.602961915615919        0.747620610834086        0.112279065343577E-02
   -0.278388847788215       -0.602961915615919        0.747620610834086        0.112279065343577E-02
    0.278388847788215        0.602961915615919       -0.747620610834086        0.112279065343577E-02
   -0.278388847788215        0.602961915615919       -0.747620610834086        0.112279065343577E-02
    0.278388847788215       -0.602961915615919       -0.747620610834086        0.112279065343577E-02
   -0.278388847788215       -0.602961915615919       -0.747620610834086        0.112279065343577E-02
    0.278388847788215        0.747620610834086        0.602961915615919        0.112279065343577E-02
   -0.278388847788215        0.747620610834086        0.602961915615919        0.112279065343577E-02
    0.278388847788215       -0.747620610834086        0.602961915615919        0.112279065343577E-02
   -0.278388847788215       -0.747620610834086        0.602961915615919        0.112279065343577E-02
    0.278388847788215        0.747620610834086       -0.602961915615919        0.112279065343577E-02
   -0.278388847788215        0.747620610834086       -0.602961915615919        0.112279065343577E-02
    0.278388847788215       -0.747620610834086       -0.602961915615919        0.112279065343577E-02
   -0.278388847788215       -0.747620610834086       -0.602961915615919        0.112279065343577E-02
    0.602961915615919        0.278388847788215        0.747620610834086        0.112279065343577E-02
   -0.602961915615919        0.278388847788215        0.747620610834086        0.112279065343577E-02
    0.602961915615919       -0.278388847788215        0.747620610834086        0.112279065343577E-02
   -0.602961915615919       -0.278388847788215        0.747620610834086        0.112279065343577E-02
    0.602961915615919        0.278388847788215       -0.747620610834086        0.112279065343577E-02
   -0.602961915615919        0.278388847788215       -0.747620610834086        0.112279065343577E-02
    0.602961915615919       -0.278388847788215       -0.747620610834086        0.112279065343577E-02
   -0.602961915615919       -0.278388847788215       -0.747620610834086        0.112279065343577E-02
    0.602961915615919        0.747620610834086        0.278388847788215        0.112279065343577E-02
   -0.602961915615919        0.747620610834086        0.278388847788215        0.112279065343577E-02
    0.602961915615919       -0.747620610834086        0.278388847788215        0.112279065343577E-02
   -0.602961915615919       -0.747620610834086        0.278388847788215        0.112279065343577E-02
    0.602961915615919        0.747620610834086       -0.278388847788215        0.112279065343577E-02
   -0.602961915615919        0.747620610834086       -0.278388847788215        0.112279065343577E-02
    0.602961915615919       -0.747620610834086       -0.278388847788215        0.112279065343577E-02
   -0.602961915615919       -0.747620610834086       -0.278388847788215        0.112279065343577E-02
    0.747620610834086        0.278388847788215        0.602961915615919        0.112279065343577E-02
   -0.747620610834086        0.278388847788215        0.602961915615919        0.112279065343577E-02
    0.747620610834086       -0.278388847788215        0.602961915615919        0.112279065343577E-02
   -0.747620610834086       -0.278388847788215        0.602961915615919        0.112279065343577E-02
    0.747620610834086        0.278388847788215       -0.602961915615919        0.112279065343577E-02
   -0.747620610834086        0.278388847788215       -0.602961915615919        0.112279065343577E-02
    0.747620610834086       -0.278388847788215       -0.602961915615919        0.112279065343577E-02
   -0.747620610834086       -0.278388847788215       -0.602961915615919        0.112279065343577E-02
    0.747620610834086        0.602961915615919        0.278388847788215        0.112279065343577E-02
   -0.747620610834086        0.602961915615919        0.278388847788215        0.112279065343577E-02
    0.747620610834086       -0.602961915615919        0.278388847788215        0.112279065343577E-02
   -0.747620610834086       -0.602961915615919        0.278388847788215        0.112279065343577E-02
    0.747620610834086        0.602961915615919       -0.278388847788215        0.112279065343577E-02
   -0.747620610834086        0.602961915615919       -0.278388847788215        0.112279065343577E-02
    0.747620610834086       -0.602961915615919       -0.278388847788215        0.112279065343577E-02
   -0.747620610834086       -0.602961915615919       -0.278388847788215        0.112279065343577E-02
    0.197957893891741        0.358960632958910        0.912118378409121        0.103240184711746E-02
   -0.197957893891741        0.358960632958910        0.912118378409121        0.103240184711746E-02
    0.197957893891741       -0.358960632958910        0.912118378409121        0.103240184711746E-02
   -0.197957893891741       -0.358960632958910        0.912118378409121        0.103240184711746E-02
    0.197957893891741        0.358960632958910       -0.912118378409121        0.103240184711746E-02
   -0.197957893891741        0.358960632958910       -0.912118378409121        0.103240184711746E-02
    0.197957893891741       -0.358960632958910       -0.912118378409121        0.103240184711746E-02
   -0.197957893891741       -0.358960632958910       -0.912118378409121        0.103240184711746E-02
    0.197957893891741        0.912118378409121        0.358960632958910        0.103240184711746E-02
   -0.197957893891741        0.912118378409121        0.358960632958910        0.103240184711746E-02
    0.197957893891741       -0.912118378409121        0.358960632958910        0.103240184711746E-02
   -0.197957893891741       -0.912118378409121        0.358960632958910        0.103240184711746E-02
    0.197957893891741        0.912118378409121       -0.358960632958910        0.103240184711746E-02
   -0.197957893891741        0.912118378409121       -0.358960632958910        0.103240184711746E-02
    0.197957893891741       -0.912118378409121       -0.358960632958910        0.103240184711746E-02
   -0.197957893891741       -0.912118378409121       -0.358960632958910        0.103240184711746E-02
    0.358960632958910        0.197957893891741        0.912118378409121        0.103240184711746E-02
   -0.358960632958910        0.197957893891741        0.912118378409121        0.103240184711746E-02
    0.358960632958910       -0.197957893891741        0.912118378409121        0.103240184711746E-02
   -0.358960632958910       -0.197957893891741        0.912118378409121        0.103240184711746E-02
    0.358960632958910        0.197957893891741       -0.912118378409121        0.103240184711746E-02
   -0.358960632958910        0.197957893891741       -0.912118378409121        0.103240184711746E-02
    0.358960632958910       -0.197957893891741       -0.912118378409121        0.103240184711746E-02
   -0.358960632958910       -0.197957893891741       -0.912118378409121        0.103240184711746E-02
    0.358960632958910        0.912118378409121        0.197957893891741        0.103240184711746E-02
   -0.358960632958910        0.912118378409121        0.197957893891741        0.103240184711746E-02
    0.358960632958910       -0.912118378409121        0.197957893891741        0.103240184711746E-02
   -0.358960632958910       -0.912118378409121        0.197957893891741        0.103240184711746E-02
    0.358960632958910        0.912118378409121       -0.197957893891741        0.103240184711746E-02
   -0.358960632958910        0.912118378409121       -0.197957893891741        0.103240184711746E-02
    0.358960632958910       -0.912118378409121       -0.197957893891741        0.103240184711746E-02
   -0.358960632958910       -0.912118378409121       -0.197957893891741        0.103240184711746E-02
    0.912118378409121        0.197957893891741        0.358960632958910        0.103240184711746E-02
   -0.912118378409121        0.197957893891741        0.358960632958910        0.103240184711746E-02
    0.912118378409121       -0.197957893891741        0.358960632958910        0.103240184711746E-02
   -0.912118378409121       -0.197957893891741        0.358960632958910        0.103240184711746E-02
    0.912118378409121        0.197957893891741       -0.358960632958910        0.103240184711746E-02
   -0.912118378409121        0.197957893891741       -0.358960632958910        0.103240184711746E-02
    0.912118378409121       -0.197957893891741       -0.358960632958910        0.103240184711746E-02
   -0.912118378409121       -0.197957893891741       -0.358960632958910        0.103240184711746E-02
    0.912118378409121        0.358960632958910        0.197957893891741        0.103240184711746E-02
   -0.912118378409121        0.358960632958910        0.197957893891741        0.103240184711746E-02
    0.912118378409121       -0.358960632958910        0.197957893891741        0.103240184711746E-02
   -0.912118378409121       -0.358960632958910        0.197957893891741        0.103240184711746E-02
    0.912118378409121        0.358960632958910       -0.197957893891741        0.103240184711746E-02
   -0.912118378409121        0.358960632958910       -0.197957893891741        0.103240184711746E-02
    0.912118378409121       -0.358960632958910       -0.197957893891741        0.103240184711746E-02
   -0.912118378409121       -0.358960632958910       -0.197957893891741        0.103240184711746E-02
    0.208730706110327        0.534866643813548        0.818748536281022        0.110724938228385E-02
   -0.208730706110327        0.534866643813548        0.818748536281022        0.110724938228385E-02
    0.208730706110327       -0.534866643813548        0.818748536281022        0.110724938228385E-02
   -0.208730706110327       -0.534866643813548        0.818748536281022        0.110724938228385E-02
    0.208730706110327        0.534866643813548       -0.818748536281022        0.110724938228385E-02
   -0.208730706110327        0.534866643813548       -0.818748536281022        0.110724938228385E-02
    0.208730706110327       -0.534866643813548       -0.818748536281022        0.110724938228385E-02
   -0.208730706110327       -0.534866643813548       -0.818748536281022        0.110724938228385E-02
    0.208730706110327        0.818748536281022        0.534866643813548        0.110724938228385E-02
   -0.208730706110327        0.818748536281022        0.534866643813548        0.110724938228385E-02
    0.208730706110327       -0.818748536281022        0.534866643813548        0.110724938228385E-02
   -0.208730706110327       -0.818748536281022        0.534866643813548        0.110724938228385E-02
    0.208730706110327        0.818748536281022       -0.534866643813548        0.110724938228385E-02
   -0.208730706110327        0.818748536281022       -0.534866643813548        0.110724938228385E-02
    0.208730706110327       -0.818748536281022       -0.534866643813548        0.110724938228385E-02
   -0.208730706110327       -0.818748536281022       -0.534866643813548        0.110724938228385E-02
    0.534866643813548        0.208730706110327        0.818748536281022        0.110724938228385E-02
   -0.534866643813548        0.208730706110327        0.818748536281022        0.110724938228385E-02
    0.534866643813548       -0.208730706110327        0.818748536281022        0.110724938228385E-02
   -0.534866643813548       -0.208730706110327        0.818748536281022        0.110724938228385E-02
    0.534866643813548        0.208730706110327       -0.818748536281022        0.110724938228385E-02
   -0.534866643813548        0.208730706110327       -0.818748536281022        0.110724938228385E-02
    0.534866643813548       -0.208730706110327       -0.818748536281022        0.110724938228385E-02
   -0.534866643813548       -0.208730706110327       -0.818748536281022        0.110724938228385E-02
    0.534866643813548        0.818748536281022        0.208730706110327        0.110724938228385E-02
   -0.534866643813548        0.818748536281022        0.208730706110327        0.110724938228385E-02
    0.534866643813548       -0.818748536281022        0.208730706110327        0.110724938228385E-02
   -0.534866643813548       -0.818748536281022        0.208730706110327        0.110724938228385E-02
    0.534866643813548        0.818748536281022       -0.208730706110327        0.110724938228385E-02
   -0.534866643813548        0.818748536281022       -0.208730706110327        0.110724938228385E-02
    0.534866643813548       -0.818748536281022       -0.208730706110327        0.110724938228385E-02
   -0.534866643813548       -0.818748536281022       -0.208730706110327        0.110724938228385E-02
    0.818748536281022        0.208730706110327        0.534866643813548        0.110724938228385E-02
   -0.818748536281022        0.208730706110327        0.534866643813548        0.110724938228385E-02
    0.818748536281022       -0.208730706110327        0.534866643813548        0.110724938228385E-02
   -0.818748536281022       -0.208730706110327        0.534866643813548        0.110724938228385E-02
    0.818748536281022        0.208730706110327       -0.534866643813548        0.110724938228385E-02
   -0.818748536281022        0.208730706110327       -0.534866643813548        0.110724938228385E-02
    0.818748536281022       -0.208730706110327       -0.534866643813548        0.110724938228385E-02
   -0.818748536281022       -0.208730706110327       -0.534866643813548        0.110724938228385E-02
    0.818748536281022        0.534866643813548        0.208730706110327        0.110724938228385E-02
   -0.818748536281022        0.534866643813548        0.208730706110327        0.110724938228385E-02
    0.818748536281022       -0.534866643813548        0.208730706110327        0.110724938228385E-02
   -0.818748536281022       -0.534866643813548        0.208730706110327        0.110724938228385E-02
    0.818748536281022        0.534866643813548       -0.208730706110327        0.110724938228385E-02
   -0.818748536281022        0.534866643813548       -0.208730706110327        0.110724938228385E-02
    0.818748536281022       -0.534866643813548       -0.208730706110327        0.110724938228385E-02
   -0.818748536281022       -0.534866643813548       -0.208730706110327        0.110724938228385E-02
    0.405512213787284        0.567499754607437        0.716591845467024        0.112178004851997E-02
   -0.405512213787284        0.567499754607437        0.716591845467024        0.112178004851997E-02
    0.405512213787284       -0.567499754607437        0.716591845467024        0.112178004851997E-02
   -0.405512213787284       -0.567499754607437        0.716591845467024        0.112178004851997E-02
    0.405512213787284        0.567499754607437       -0.716591845467024        0.112178004851997E-02
   -0.405512213787284        0.567499754607437       -0.716591845467024        0.112178004851997E-02
    0.405512213787284       -0.567499754607437       -0.716591845467024        0.112178004851997E-02
   -0.405512213787284       -0.567499754607437       -0.716591845467024        0.112178004851997E-02
    0.405512213787284        0.716591845467024        0.567499754607437        0.112178004851997E-02
   -0.405512213787284        0.716591845467024        0.567499754607437        0.112178004851997E-02
    0.405512213787284       -0.716591845467024        0.567499754607437        0.112178004851997E-02
   -0.405512213787284       -0.716591845467024        0.567499754607437        0.112178004851997E-02
    0.405512213787284        0.716591845467024       -0.567499754607437        0.112178004851997E-02
   -0.405512213787284        0.716591845467024       -0.567499754607437        0.112178004851997E-02
    0.405512213787284       -0.716591845467024       -0.567499754607437        0.112178004851997E-02
   -0.405512213787284       -0.716591845467024       -0.567499754607437        0.112178004851997E-02
    0.567499754607437        0.405512213787284        0.716591845467024        0.112178004851997E-02
   -0.567499754607437        0.405512213787284        0.716591845467024        0.112178004851997E-02
    0.567499754607437       -0.405512213787284        0.716591845467024        0.112178004851997E-02
   -0.567499754607437       -0.405512213787284        0.716591845467024        0.112178004851997E-02
    0.567499754607437        0.405512213787284       -0.716591845467024        0.112178004851997E-02
   -0.567499754607437        0.405512213787284       -0.716591845467024        0.112178004851997E-02
    0.567499754607437       -0.405512213787284       -0.716591845467024        0.112178004851997E-02
   -0.567499754607437       -0.405512213787284       -0.716591845467024        0.112178004851997E-02
    0.567499754607437        0.716591845467024        0.405512213787284        0.112178004851997E-02
   -0.567499754607437        0.716591845467024        0.405512213787284        0.112178004851997E-02
    0.567499754607437       -0.716591845467024        0.405512213787284        0.112178004851997E-02
   -0.567499754607437       -0.716591845467024        0.405512213787284        0.112178004851997E-02
    0.567499754607437        0.716591845467024       -0.405512213787284        0.112178004851997E-02
   -0.567499754607437        0.716591845467024       -0.405512213787284        0.112178004851997E-02
    0.567499754607437       -0.716591845467024       -0.405512213787284        0.112178004851997E-02
   -0.567499754607437       -0.716591845467024       -0.405512213787284        0.112178004851997E-02
    0.716591845467024        0.405512213787284        0.567499754607437        0.112178004851997E-02
   -0.716591845467024        0.405512213787284        0.567499754607437        0.112178004851997E-02
    0.716591845467024       -0.405512213787284        0.567499754607437        0.112178004851997E-02
   -0.716591845467024       -0.405512213787284        0.567499754607437        0.112178004851997E-02
    0.716591845467024        0.405512213787284       -0.567499754607437        0.112178004851997E-02
   -0.716591845467024        0.405512213787284       -0.567499754607437        0.112178004851997E-02
    0.716591845467024       -0.405512213787284       -0.567499754607437        0.112178004851997E-02
   -0.716591845467024       -0.405512213787284       -0.567499754607437        0.112178004851997E-02
    0.716591845467024        0.567499754607437        0.405512213787284        0.112178004851997E-02
   -0.716591845467024        0.567499754607437        0.405512213787284        0.112178004851997E-02
    0.716591845467024       -0.567499754607437        0.405512213787284        0.112178004851997E-02
   -0.716591845467024       -0.567499754607437        0.405512213787284        0.112178004851997E-02
    0.716591845467024        0.567499754607437       -0.405512213787284        0.112178004851997E-02
   -0.716591845467024        0.567499754607437       -0.405512213787284        0.112178004851997E-02
    0.716591845467024       -0.567499754607437       -0.405512213787284        0.112178004851997E-02
   -0.716591845467024       -0.567499754607437       -0.405512213787284        0.112178004851997E-02
