     1.00000000000000         0.00000000000000         0.00000000000000        0.382827049493716E-02
    -1.00000000000000         0.00000000000000         0.00000000000000        0.382827049493716E-02
     0.00000000000000         1.00000000000000         0.00000000000000        0.382827049493716E-02
     0.00000000000000        -1.00000000000000         0.00000000000000        0.382827049493716E-02
     0.00000000000000         0.00000000000000         1.00000000000000        0.382827049493716E-02
     0.00000000000000         0.00000000000000        -1.00000000000000        0.382827049493716E-02
    0.577350269189626        0.577350269189626        0.577350269189626        0.979373751248751E-02
   -0.577350269189626        0.577350269189626        0.577350269189626        0.979373751248751E-02
    0.577350269189626       -0.577350269189626        0.577350269189626        0.979373751248751E-02
   -0.577350269189626       -0.577350269189626        0.577350269189626        0.979373751248751E-02
    0.577350269189626        0.577350269189626       -0.577350269189626        0.979373751248751E-02
   -0.577350269189626        0.577350269189626       -0.577350269189626        0.979373751248751E-02
    0.577350269189626       -0.577350269189626       -0.577350269189626        0.979373751248751E-02
   -0.577350269189626       -0.577350269189626       -0.577350269189626        0.979373751248751E-02
    0.185115635344736        0.185115635344736        0.965124035086594        0.821173728319111E-02
   -0.185115635344736        0.185115635344736        0.965124035086594        0.821173728319111E-02
    0.185115635344736       -0.185115635344736        0.965124035086594        0.821173728319111E-02
   -0.185115635344736       -0.185115635344736        0.965124035086594        0.821173728319111E-02
    0.185115635344736        0.185115635344736       -0.965124035086594        0.821173728319111E-02
   -0.185115635344736        0.185115635344736       -0.965124035086594        0.821173728319111E-02
    0.185115635344736       -0.185115635344736       -0.965124035086594        0.821173728319111E-02
   -0.185115635344736       -0.185115635344736       -0.965124035086594        0.821173728319111E-02
    0.185115635344736        0.965124035086594        0.185115635344736        0.821173728319111E-02
   -0.185115635344736        0.965124035086594        0.185115635344736        0.821173728319111E-02
    0.185115635344736       -0.965124035086594        0.185115635344736        0.821173728319111E-02
   -0.185115635344736       -0.965124035086594        0.185115635344736        0.821173728319111E-02
    0.185115635344736        0.965124035086594       -0.185115635344736        0.821173728319111E-02
   -0.185115635344736        0.965124035086594       -0.185115635344736        0.821173728319111E-02
    0.185115635344736       -0.965124035086594       -0.185115635344736        0.821173728319111E-02
   -0.185115635344736       -0.965124035086594       -0.185115635344736        0.821173728319111E-02
    0.965124035086594        0.185115635344736        0.185115635344736        0.821173728319111E-02
   -0.965124035086594        0.185115635344736        0.185115635344736        0.821173728319111E-02
    0.965124035086594       -0.185115635344736        0.185115635344736        0.821173728319111E-02
   -0.965124035086594       -0.185115635344736        0.185115635344736        0.821173728319111E-02
    0.965124035086594        0.185115635344736       -0.185115635344736        0.821173728319111E-02
   -0.965124035086594        0.185115635344736       -0.185115635344736        0.821173728319111E-02
    0.965124035086594       -0.185115635344736       -0.185115635344736        0.821173728319111E-02
   -0.965124035086594       -0.185115635344736       -0.185115635344736        0.821173728319111E-02
    0.690421048382292        0.690421048382292        0.215957291845848        0.994281489117810E-02
   -0.690421048382292        0.690421048382292        0.215957291845848        0.994281489117810E-02
    0.690421048382292       -0.690421048382292        0.215957291845848        0.994281489117810E-02
   -0.690421048382292       -0.690421048382292        0.215957291845848        0.994281489117810E-02
    0.690421048382292        0.690421048382292       -0.215957291845848        0.994281489117810E-02
   -0.690421048382292        0.690421048382292       -0.215957291845848        0.994281489117810E-02
    0.690421048382292       -0.690421048382292       -0.215957291845848        0.994281489117810E-02
   -0.690421048382292       -0.690421048382292       -0.215957291845848        0.994281489117810E-02
    0.690421048382292        0.215957291845848        0.690421048382292        0.994281489117810E-02
   -0.690421048382292        0.215957291845848        0.690421048382292        0.994281489117810E-02
    0.690421048382292       -0.215957291845848        0.690421048382292        0.994281489117810E-02
   -0.690421048382292       -0.215957291845848        0.690421048382292        0.994281489117810E-02
    0.690421048382292        0.215957291845848       -0.690421048382292        0.994281489117810E-02
   -0.690421048382292        0.215957291845848       -0.690421048382292        0.994281489117810E-02
    0.690421048382292       -0.215957291845848       -0.690421048382292        0.994281489117810E-02
   -0.690421048382292       -0.215957291845848       -0.690421048382292        0.994281489117810E-02
    0.215957291845848        0.690421048382292        0.690421048382292        0.994281489117810E-02
   -0.215957291845848        0.690421048382292        0.690421048382292        0.994281489117810E-02
    0.215957291845848       -0.690421048382292        0.690421048382292        0.994281489117810E-02
   -0.215957291845848       -0.690421048382292        0.690421048382292        0.994281489117810E-02
    0.215957291845848        0.690421048382292       -0.690421048382292        0.994281489117810E-02
   -0.215957291845848        0.690421048382292       -0.690421048382292        0.994281489117810E-02
    0.215957291845848       -0.690421048382292       -0.690421048382292        0.994281489117810E-02
   -0.215957291845848       -0.690421048382292       -0.690421048382292        0.994281489117810E-02
    0.395689473055942        0.395689473055942        0.828769981252592        0.959547133607096E-02
   -0.395689473055942        0.395689473055942        0.828769981252592        0.959547133607096E-02
    0.395689473055942       -0.395689473055942        0.828769981252592        0.959547133607096E-02
   -0.395689473055942       -0.395689473055942        0.828769981252592        0.959547133607096E-02
    0.395689473055942        0.395689473055942       -0.828769981252592        0.959547133607096E-02
   -0.395689473055942        0.395689473055942       -0.828769981252592        0.959547133607096E-02
    0.395689473055942       -0.395689473055942       -0.828769981252592        0.959547133607096E-02
   -0.395689473055942       -0.395689473055942       -0.828769981252592        0.959547133607096E-02
    0.395689473055942        0.828769981252592        0.395689473055942        0.959547133607096E-02
   -0.395689473055942        0.828769981252592        0.395689473055942        0.959547133607096E-02
    0.395689473055942       -0.828769981252592        0.395689473055942        0.959547133607096E-02
   -0.395689473055942       -0.828769981252592        0.395689473055942        0.959547133607096E-02
    0.395689473055942        0.828769981252592       -0.395689473055942        0.959547133607096E-02
   -0.395689473055942        0.828769981252592       -0.395689473055942        0.959547133607096E-02
    0.395689473055942       -0.828769981252592       -0.395689473055942        0.959547133607096E-02
   -0.395689473055942       -0.828769981252592       -0.395689473055942        0.959547133607096E-02
    0.828769981252592        0.395689473055942        0.395689473055942        0.959547133607096E-02
   -0.828769981252592        0.395689473055942        0.395689473055942        0.959547133607096E-02
    0.828769981252592       -0.395689473055942        0.395689473055942        0.959547133607096E-02
   -0.828769981252592       -0.395689473055942        0.395689473055942        0.959547133607096E-02
    0.828769981252592        0.395689473055942       -0.395689473055942        0.959547133607096E-02
   -0.828769981252592        0.395689473055942       -0.395689473055942        0.959547133607096E-02
    0.828769981252592       -0.395689473055942       -0.395689473055942        0.959547133607096E-02
   -0.828769981252592       -0.395689473055942       -0.395689473055942        0.959547133607096E-02
    0.478369028812150        0.878158910604066         0.00000000000000        0.969499636166303E-02
   -0.478369028812150        0.878158910604066         0.00000000000000        0.969499636166303E-02
    0.478369028812150       -0.878158910604066         0.00000000000000        0.969499636166303E-02
   -0.478369028812150       -0.878158910604066         0.00000000000000        0.969499636166303E-02
    0.878158910604066        0.478369028812150         0.00000000000000        0.969499636166303E-02
   -0.878158910604066        0.478369028812150         0.00000000000000        0.969499636166303E-02
    0.878158910604066       -0.478369028812150         0.00000000000000        0.969499636166303E-02
   -0.878158910604066       -0.478369028812150         0.00000000000000        0.969499636166303E-02
    0.478369028812150         0.00000000000000        0.878158910604066        0.969499636166303E-02
   -0.478369028812150         0.00000000000000        0.878158910604066        0.969499636166303E-02
    0.478369028812150         0.00000000000000       -0.878158910604066        0.969499636166303E-02
   -0.478369028812150         0.00000000000000       -0.878158910604066        0.969499636166303E-02
    0.878158910604066         0.00000000000000        0.478369028812150        0.969499636166303E-02
   -0.878158910604066         0.00000000000000        0.478369028812150        0.969499636166303E-02
    0.878158910604066         0.00000000000000       -0.478369028812150        0.969499636166303E-02
   -0.878158910604066         0.00000000000000       -0.478369028812150        0.969499636166303E-02
     0.00000000000000        0.478369028812150        0.878158910604066        0.969499636166303E-02
     0.00000000000000       -0.478369028812150        0.878158910604066        0.969499636166303E-02
     0.00000000000000        0.478369028812150       -0.878158910604066        0.969499636166303E-02
     0.00000000000000       -0.478369028812150       -0.878158910604066        0.969499636166303E-02
     0.00000000000000        0.878158910604066        0.478369028812150        0.969499636166303E-02
     0.00000000000000       -0.878158910604066        0.478369028812150        0.969499636166303E-02
     0.00000000000000        0.878158910604066       -0.478369028812150        0.969499636166303E-02
     0.00000000000000       -0.878158910604066       -0.478369028812150        0.969499636166303E-02
