     1.00000000000000         0.00000000000000         0.00000000000000        0.854591172512815E-03
    -1.00000000000000         0.00000000000000         0.00000000000000        0.854591172512815E-03
     0.00000000000000         1.00000000000000         0.00000000000000        0.854591172512815E-03
     0.00000000000000        -1.00000000000000         0.00000000000000        0.854591172512815E-03
     0.00000000000000         0.00000000000000         1.00000000000000        0.854591172512815E-03
     0.00000000000000         0.00000000000000        -1.00000000000000        0.854591172512815E-03
    0.577350269189626        0.577350269189626        0.577350269189626        0.359911928502557E-02
   -0.577350269189626        0.577350269189626        0.577350269189626        0.359911928502557E-02
    0.577350269189626       -0.577350269189626        0.577350269189626        0.359911928502557E-02
   -0.577350269189626       -0.577350269189626        0.577350269189626        0.359911928502557E-02
    0.577350269189626        0.577350269189626       -0.577350269189626        0.359911928502557E-02
   -0.577350269189626        0.577350269189626       -0.577350269189626        0.359911928502557E-02
    0.577350269189626       -0.577350269189626       -0.577350269189626        0.359911928502557E-02
   -0.577350269189626       -0.577350269189626       -0.577350269189626        0.359911928502557E-02
    0.351564034557011        0.351564034557011        0.867643624544083        0.344978842430588E-02
   -0.351564034557011        0.351564034557011        0.867643624544083        0.344978842430588E-02
    0.351564034557011       -0.351564034557011        0.867643624544083        0.344978842430588E-02
   -0.351564034557011       -0.351564034557011        0.867643624544083        0.344978842430588E-02
    0.351564034557011        0.351564034557011       -0.867643624544083        0.344978842430588E-02
   -0.351564034557011        0.351564034557011       -0.867643624544083        0.344978842430588E-02
    0.351564034557011       -0.351564034557011       -0.867643624544083        0.344978842430588E-02
   -0.351564034557011       -0.351564034557011       -0.867643624544083        0.344978842430588E-02
    0.351564034557011        0.867643624544083        0.351564034557011        0.344978842430588E-02
   -0.351564034557011        0.867643624544083        0.351564034557011        0.344978842430588E-02
    0.351564034557011       -0.867643624544083        0.351564034557011        0.344978842430588E-02
   -0.351564034557011       -0.867643624544083        0.351564034557011        0.344978842430588E-02
    0.351564034557011        0.867643624544083       -0.351564034557011        0.344978842430588E-02
   -0.351564034557011        0.867643624544083       -0.351564034557011        0.344978842430588E-02
    0.351564034557011       -0.867643624544083       -0.351564034557011        0.344978842430588E-02
   -0.351564034557011       -0.867643624544083       -0.351564034557011        0.344978842430588E-02
    0.867643624544083        0.351564034557011        0.351564034557011        0.344978842430588E-02
   -0.867643624544083        0.351564034557011        0.351564034557011        0.344978842430588E-02
    0.867643624544083       -0.351564034557011        0.351564034557011        0.344978842430588E-02
   -0.867643624544083       -0.351564034557011        0.351564034557011        0.344978842430588E-02
    0.867643624544083        0.351564034557011       -0.351564034557011        0.344978842430588E-02
   -0.867643624544083        0.351564034557011       -0.351564034557011        0.344978842430588E-02
    0.867643624544083       -0.351564034557011       -0.351564034557011        0.344978842430588E-02
   -0.867643624544083       -0.351564034557011       -0.351564034557011        0.344978842430588E-02
    0.656632941021961        0.656632941021961        0.371034178384821        0.360482260141988E-02
   -0.656632941021961        0.656632941021961        0.371034178384821        0.360482260141988E-02
    0.656632941021961       -0.656632941021961        0.371034178384821        0.360482260141988E-02
   -0.656632941021961       -0.656632941021961        0.371034178384821        0.360482260141988E-02
    0.656632941021961        0.656632941021961       -0.371034178384821        0.360482260141988E-02
   -0.656632941021961        0.656632941021961       -0.371034178384821        0.360482260141988E-02
    0.656632941021961       -0.656632941021961       -0.371034178384821        0.360482260141988E-02
   -0.656632941021961       -0.656632941021961       -0.371034178384821        0.360482260141988E-02
    0.656632941021961        0.371034178384821        0.656632941021961        0.360482260141988E-02
   -0.656632941021961        0.371034178384821        0.656632941021961        0.360482260141988E-02
    0.656632941021961       -0.371034178384821        0.656632941021961        0.360482260141988E-02
   -0.656632941021961       -0.371034178384821        0.656632941021961        0.360482260141988E-02
    0.656632941021961        0.371034178384821       -0.656632941021961        0.360482260141988E-02
   -0.656632941021961        0.371034178384821       -0.656632941021961        0.360482260141988E-02
    0.656632941021961       -0.371034178384821       -0.656632941021961        0.360482260141988E-02
   -0.656632941021961       -0.371034178384821       -0.656632941021961        0.360482260141988E-02
    0.371034178384821        0.656632941021961        0.656632941021961        0.360482260141988E-02
   -0.371034178384821        0.656632941021961        0.656632941021961        0.360482260141988E-02
    0.371034178384821       -0.656632941021961        0.656632941021961        0.360482260141988E-02
   -0.371034178384821       -0.656632941021961        0.656632941021961        0.360482260141988E-02
    0.371034178384821        0.656632941021961       -0.656632941021961        0.360482260141988E-02
   -0.371034178384821        0.656632941021961       -0.656632941021961        0.360482260141988E-02
    0.371034178384821       -0.656632941021961       -0.656632941021961        0.360482260141988E-02
   -0.371034178384821       -0.656632941021961       -0.656632941021961        0.360482260141988E-02
    0.472905413258100        0.472905413258100        0.743452042987556        0.357672966174337E-02
   -0.472905413258100        0.472905413258100        0.743452042987556        0.357672966174337E-02
    0.472905413258100       -0.472905413258100        0.743452042987556        0.357672966174337E-02
   -0.472905413258100       -0.472905413258100        0.743452042987556        0.357672966174337E-02
    0.472905413258100        0.472905413258100       -0.743452042987556        0.357672966174337E-02
   -0.472905413258100        0.472905413258100       -0.743452042987556        0.357672966174337E-02
    0.472905413258100       -0.472905413258100       -0.743452042987556        0.357672966174337E-02
   -0.472905413258100       -0.472905413258100       -0.743452042987556        0.357672966174337E-02
    0.472905413258100        0.743452042987556        0.472905413258100        0.357672966174337E-02
   -0.472905413258100        0.743452042987556        0.472905413258100        0.357672966174337E-02
    0.472905413258100       -0.743452042987556        0.472905413258100        0.357672966174337E-02
   -0.472905413258100       -0.743452042987556        0.472905413258100        0.357672966174337E-02
    0.472905413258100        0.743452042987556       -0.472905413258100        0.357672966174337E-02
   -0.472905413258100        0.743452042987556       -0.472905413258100        0.357672966174337E-02
    0.472905413258100       -0.743452042987556       -0.472905413258100        0.357672966174337E-02
   -0.472905413258100       -0.743452042987556       -0.472905413258100        0.357672966174337E-02
    0.743452042987556        0.472905413258100        0.472905413258100        0.357672966174337E-02
   -0.743452042987556        0.472905413258100        0.472905413258100        0.357672966174337E-02
    0.743452042987556       -0.472905413258100        0.472905413258100        0.357672966174337E-02
   -0.743452042987556       -0.472905413258100        0.472905413258100        0.357672966174337E-02
    0.743452042987556        0.472905413258100       -0.472905413258100        0.357672966174337E-02
   -0.743452042987556        0.472905413258100       -0.472905413258100        0.357672966174337E-02
    0.743452042987556       -0.472905413258100       -0.472905413258100        0.357672966174337E-02
   -0.743452042987556       -0.472905413258100       -0.472905413258100        0.357672966174337E-02
    0.961830852261478E-01    0.961830852261478E-01    0.990705621379408        0.235210141368916E-02
   -0.961830852261478E-01    0.961830852261478E-01    0.990705621379408        0.235210141368916E-02
    0.961830852261478E-01   -0.961830852261478E-01    0.990705621379408        0.235210141368916E-02
   -0.961830852261478E-01   -0.961830852261478E-01    0.990705621379408        0.235210141368916E-02
    0.961830852261478E-01    0.961830852261478E-01   -0.990705621379408        0.235210141368916E-02
   -0.961830852261478E-01    0.961830852261478E-01   -0.990705621379408        0.235210141368916E-02
    0.961830852261478E-01   -0.961830852261478E-01   -0.990705621379408        0.235210141368916E-02
   -0.961830852261478E-01   -0.961830852261478E-01   -0.990705621379408        0.235210141368916E-02
    0.961830852261478E-01    0.990705621379408        0.961830852261478E-01    0.235210141368916E-02
   -0.961830852261478E-01    0.990705621379408        0.961830852261478E-01    0.235210141368916E-02
    0.961830852261478E-01   -0.990705621379408        0.961830852261478E-01    0.235210141368916E-02
   -0.961830852261478E-01   -0.990705621379408        0.961830852261478E-01    0.235210141368916E-02
    0.961830852261478E-01    0.990705621379408       -0.961830852261478E-01    0.235210141368916E-02
   -0.961830852261478E-01    0.990705621379408       -0.961830852261478E-01    0.235210141368916E-02
    0.961830852261478E-01   -0.990705621379408       -0.961830852261478E-01    0.235210141368916E-02
   -0.961830852261478E-01   -0.990705621379408       -0.961830852261478E-01    0.235210141368916E-02
    0.990705621379408        0.961830852261478E-01    0.961830852261478E-01    0.235210141368916E-02
   -0.990705621379408        0.961830852261478E-01    0.961830852261478E-01    0.235210141368916E-02
    0.990705621379408       -0.961830852261478E-01    0.961830852261478E-01    0.235210141368916E-02
   -0.990705621379408       -0.961830852261478E-01    0.961830852261478E-01    0.235210141368916E-02
    0.990705621379408        0.961830852261478E-01   -0.961830852261478E-01    0.235210141368916E-02
   -0.990705621379408        0.961830852261478E-01   -0.961830852261478E-01    0.235210141368916E-02
    0.990705621379408       -0.961830852261478E-01   -0.961830852261478E-01    0.235210141368916E-02
   -0.990705621379408       -0.961830852261478E-01   -0.961830852261478E-01    0.235210141368916E-02
    0.221964523629418        0.221964523629418        0.949454317226443        0.310895312241367E-02
   -0.221964523629418        0.221964523629418        0.949454317226443        0.310895312241367E-02
    0.221964523629418       -0.221964523629418        0.949454317226443        0.310895312241367E-02
   -0.221964523629418       -0.221964523629418        0.949454317226443        0.310895312241367E-02
    0.221964523629418        0.221964523629418       -0.949454317226443        0.310895312241367E-02
   -0.221964523629418        0.221964523629418       -0.949454317226443        0.310895312241367E-02
    0.221964523629418       -0.221964523629418       -0.949454317226443        0.310895312241367E-02
   -0.221964523629418       -0.221964523629418       -0.949454317226443        0.310895312241367E-02
    0.221964523629418        0.949454317226443        0.221964523629418        0.310895312241367E-02
   -0.221964523629418        0.949454317226443        0.221964523629418        0.310895312241367E-02
    0.221964523629418       -0.949454317226443        0.221964523629418        0.310895312241367E-02
   -0.221964523629418       -0.949454317226443        0.221964523629418        0.310895312241367E-02
    0.221964523629418        0.949454317226443       -0.221964523629418        0.310895312241367E-02
   -0.221964523629418        0.949454317226443       -0.221964523629418        0.310895312241367E-02
    0.221964523629418       -0.949454317226443       -0.221964523629418        0.310895312241367E-02
   -0.221964523629418       -0.949454317226443       -0.221964523629418        0.310895312241367E-02
    0.949454317226443        0.221964523629418        0.221964523629418        0.310895312241367E-02
   -0.949454317226443        0.221964523629418        0.221964523629418        0.310895312241367E-02
    0.949454317226443       -0.221964523629418        0.221964523629418        0.310895312241367E-02
   -0.949454317226443       -0.221964523629418        0.221964523629418        0.310895312241367E-02
    0.949454317226443        0.221964523629418       -0.221964523629418        0.310895312241367E-02
   -0.949454317226443        0.221964523629418       -0.221964523629418        0.310895312241367E-02
    0.949454317226443       -0.221964523629418       -0.221964523629418        0.310895312241367E-02
   -0.949454317226443       -0.221964523629418       -0.221964523629418        0.310895312241367E-02
    0.701176641608955        0.701176641608955        0.129238672710514        0.365004580767726E-02
   -0.701176641608955        0.701176641608955        0.129238672710514        0.365004580767726E-02
    0.701176641608955       -0.701176641608955        0.129238672710514        0.365004580767726E-02
   -0.701176641608955       -0.701176641608955        0.129238672710514        0.365004580767726E-02
    0.701176641608955        0.701176641608955       -0.129238672710514        0.365004580767726E-02
   -0.701176641608955        0.701176641608955       -0.129238672710514        0.365004580767726E-02
    0.701176641608955       -0.701176641608955       -0.129238672710514        0.365004580767726E-02
   -0.701176641608955       -0.701176641608955       -0.129238672710514        0.365004580767726E-02
    0.701176641608955        0.129238672710514        0.701176641608955        0.365004580767726E-02
   -0.701176641608955        0.129238672710514        0.701176641608955        0.365004580767726E-02
    0.701176641608955       -0.129238672710514        0.701176641608955        0.365004580767726E-02
   -0.701176641608955       -0.129238672710514        0.701176641608955        0.365004580767726E-02
    0.701176641608955        0.129238672710514       -0.701176641608955        0.365004580767726E-02
   -0.701176641608955        0.129238672710514       -0.701176641608955        0.365004580767726E-02
    0.701176641608955       -0.129238672710514       -0.701176641608955        0.365004580767726E-02
   -0.701176641608955       -0.129238672710514       -0.701176641608955        0.365004580767726E-02
    0.129238672710514        0.701176641608955        0.701176641608955        0.365004580767726E-02
   -0.129238672710514        0.701176641608955        0.701176641608955        0.365004580767726E-02
    0.129238672710514       -0.701176641608955        0.701176641608955        0.365004580767726E-02
   -0.129238672710514       -0.701176641608955        0.701176641608955        0.365004580767726E-02
    0.129238672710514        0.701176641608955       -0.701176641608955        0.365004580767726E-02
   -0.129238672710514        0.701176641608955       -0.701176641608955        0.365004580767726E-02
    0.129238672710514       -0.701176641608955       -0.701176641608955        0.365004580767726E-02
   -0.129238672710514       -0.701176641608955       -0.701176641608955        0.365004580767726E-02
    0.264415288706066        0.964408914879206         0.00000000000000        0.298234496317180E-02
   -0.264415288706066        0.964408914879206         0.00000000000000        0.298234496317180E-02
    0.264415288706066       -0.964408914879206         0.00000000000000        0.298234496317180E-02
   -0.264415288706066       -0.964408914879206         0.00000000000000        0.298234496317180E-02
    0.964408914879206        0.264415288706066         0.00000000000000        0.298234496317180E-02
   -0.964408914879206        0.264415288706066         0.00000000000000        0.298234496317180E-02
    0.964408914879206       -0.264415288706066         0.00000000000000        0.298234496317180E-02
   -0.964408914879206       -0.264415288706066         0.00000000000000        0.298234496317180E-02
    0.264415288706066         0.00000000000000        0.964408914879206        0.298234496317180E-02
   -0.264415288706066         0.00000000000000        0.964408914879206        0.298234496317180E-02
    0.264415288706066         0.00000000000000       -0.964408914879206        0.298234496317180E-02
   -0.264415288706066         0.00000000000000       -0.964408914879206        0.298234496317180E-02
    0.964408914879206         0.00000000000000        0.264415288706066        0.298234496317180E-02
   -0.964408914879206         0.00000000000000        0.264415288706066        0.298234496317180E-02
    0.964408914879206         0.00000000000000       -0.264415288706066        0.298234496317180E-02
   -0.964408914879206         0.00000000000000       -0.264415288706066        0.298234496317180E-02
     0.00000000000000        0.264415288706066        0.964408914879206        0.298234496317180E-02
     0.00000000000000       -0.264415288706066        0.964408914879206        0.298234496317180E-02
     0.00000000000000        0.264415288706066       -0.964408914879206        0.298234496317180E-02
     0.00000000000000       -0.264415288706066       -0.964408914879206        0.298234496317180E-02
     0.00000000000000        0.964408914879206        0.264415288706066        0.298234496317180E-02
     0.00000000000000       -0.964408914879206        0.264415288706066        0.298234496317180E-02
     0.00000000000000        0.964408914879206       -0.264415288706066        0.298234496317180E-02
     0.00000000000000       -0.964408914879206       -0.264415288706066        0.298234496317180E-02
    0.571895589187896        0.820326419827759         0.00000000000000        0.360082093221646E-02
   -0.571895589187896        0.820326419827759         0.00000000000000        0.360082093221646E-02
    0.571895589187896       -0.820326419827759         0.00000000000000        0.360082093221646E-02
   -0.571895589187896       -0.820326419827759         0.00000000000000        0.360082093221646E-02
    0.820326419827759        0.571895589187896         0.00000000000000        0.360082093221646E-02
   -0.820326419827759        0.571895589187896         0.00000000000000        0.360082093221646E-02
    0.820326419827759       -0.571895589187896         0.00000000000000        0.360082093221646E-02
   -0.820326419827759       -0.571895589187896         0.00000000000000        0.360082093221646E-02
    0.571895589187896         0.00000000000000        0.820326419827759        0.360082093221646E-02
   -0.571895589187896         0.00000000000000        0.820326419827759        0.360082093221646E-02
    0.571895589187896         0.00000000000000       -0.820326419827759        0.360082093221646E-02
   -0.571895589187896         0.00000000000000       -0.820326419827759        0.360082093221646E-02
    0.820326419827759         0.00000000000000        0.571895589187896        0.360082093221646E-02
   -0.820326419827759         0.00000000000000        0.571895589187896        0.360082093221646E-02
    0.820326419827759         0.00000000000000       -0.571895589187896        0.360082093221646E-02
   -0.820326419827759         0.00000000000000       -0.571895589187896        0.360082093221646E-02
     0.00000000000000        0.571895589187896        0.820326419827759        0.360082093221646E-02
     0.00000000000000       -0.571895589187896        0.820326419827759        0.360082093221646E-02
     0.00000000000000        0.571895589187896       -0.820326419827759        0.360082093221646E-02
     0.00000000000000       -0.571895589187896       -0.820326419827759        0.360082093221646E-02
     0.00000000000000        0.820326419827759        0.571895589187896        0.360082093221646E-02
     0.00000000000000       -0.820326419827759        0.571895589187896        0.360082093221646E-02
     0.00000000000000        0.820326419827759       -0.571895589187896        0.360082093221646E-02
     0.00000000000000       -0.820326419827759       -0.571895589187896        0.360082093221646E-02
    0.251003475177047        0.800072749407395        0.544867737258077        0.357154055427339E-02
   -0.251003475177047        0.800072749407395        0.544867737258077        0.357154055427339E-02
    0.251003475177047       -0.800072749407395        0.544867737258077        0.357154055427339E-02
   -0.251003475177047       -0.800072749407395        0.544867737258077        0.357154055427339E-02
    0.251003475177047        0.800072749407395       -0.544867737258077        0.357154055427339E-02
   -0.251003475177047        0.800072749407395       -0.544867737258077        0.357154055427339E-02
    0.251003475177047       -0.800072749407395       -0.544867737258077        0.357154055427339E-02
   -0.251003475177047       -0.800072749407395       -0.544867737258077        0.357154055427339E-02
    0.251003475177047        0.544867737258077        0.800072749407395        0.357154055427339E-02
   -0.251003475177047        0.544867737258077        0.800072749407395        0.357154055427339E-02
    0.251003475177047       -0.544867737258077        0.800072749407395        0.357154055427339E-02
   -0.251003475177047       -0.544867737258077        0.800072749407395        0.357154055427339E-02
    0.251003475177047        0.544867737258077       -0.800072749407395        0.357154055427339E-02
   -0.251003475177047        0.544867737258077       -0.800072749407395        0.357154055427339E-02
    0.251003475177047       -0.544867737258077       -0.800072749407395        0.357154055427339E-02
   -0.251003475177047       -0.544867737258077       -0.800072749407395        0.357154055427339E-02
    0.800072749407395        0.251003475177047        0.544867737258077        0.357154055427339E-02
   -0.800072749407395        0.251003475177047        0.544867737258077        0.357154055427339E-02
    0.800072749407395       -0.251003475177047        0.544867737258077        0.357154055427339E-02
   -0.800072749407395       -0.251003475177047        0.544867737258077        0.357154055427339E-02
    0.800072749407395        0.251003475177047       -0.544867737258077        0.357154055427339E-02
   -0.800072749407395        0.251003475177047       -0.544867737258077        0.357154055427339E-02
    0.800072749407395       -0.251003475177047       -0.544867737258077        0.357154055427339E-02
   -0.800072749407395       -0.251003475177047       -0.544867737258077        0.357154055427339E-02
    0.800072749407395        0.544867737258077        0.251003475177047        0.357154055427339E-02
   -0.800072749407395        0.544867737258077        0.251003475177047        0.357154055427339E-02
    0.800072749407395       -0.544867737258077        0.251003475177047        0.357154055427339E-02
   -0.800072749407395       -0.544867737258077        0.251003475177047        0.357154055427339E-02
    0.800072749407395        0.544867737258077       -0.251003475177047        0.357154055427339E-02
   -0.800072749407395        0.544867737258077       -0.251003475177047        0.357154055427339E-02
    0.800072749407395       -0.544867737258077       -0.251003475177047        0.357154055427339E-02
   -0.800072749407395       -0.544867737258077       -0.251003475177047        0.357154055427339E-02
    0.544867737258077        0.251003475177047        0.800072749407395        0.357154055427339E-02
   -0.544867737258077        0.251003475177047        0.800072749407395        0.357154055427339E-02
    0.544867737258077       -0.251003475177047        0.800072749407395        0.357154055427339E-02
   -0.544867737258077       -0.251003475177047        0.800072749407395        0.357154055427339E-02
    0.544867737258077        0.251003475177047       -0.800072749407395        0.357154055427339E-02
   -0.544867737258077        0.251003475177047       -0.800072749407395        0.357154055427339E-02
    0.544867737258077       -0.251003475177047       -0.800072749407395        0.357154055427339E-02
   -0.544867737258077       -0.251003475177047       -0.800072749407395        0.357154055427339E-02
    0.544867737258077        0.800072749407395        0.251003475177047        0.357154055427339E-02
   -0.544867737258077        0.800072749407395        0.251003475177047        0.357154055427339E-02
    0.544867737258077       -0.800072749407395        0.251003475177047        0.357154055427339E-02
   -0.544867737258077       -0.800072749407395        0.251003475177047        0.357154055427339E-02
    0.544867737258077        0.800072749407395       -0.251003475177047        0.357154055427339E-02
   -0.544867737258077        0.800072749407395       -0.251003475177047        0.357154055427339E-02
    0.544867737258077       -0.800072749407395       -0.251003475177047        0.357154055427339E-02
   -0.544867737258077       -0.800072749407395       -0.251003475177047        0.357154055427339E-02
    0.123354853258333        0.412772408316853        0.902442529533000        0.339231220500617E-02
   -0.123354853258333        0.412772408316853        0.902442529533000        0.339231220500617E-02
    0.123354853258333       -0.412772408316853        0.902442529533000        0.339231220500617E-02
   -0.123354853258333       -0.412772408316853        0.902442529533000        0.339231220500617E-02
    0.123354853258333        0.412772408316853       -0.902442529533000        0.339231220500617E-02
   -0.123354853258333        0.412772408316853       -0.902442529533000        0.339231220500617E-02
    0.123354853258333       -0.412772408316853       -0.902442529533000        0.339231220500617E-02
   -0.123354853258333       -0.412772408316853       -0.902442529533000        0.339231220500617E-02
    0.123354853258333        0.902442529533000        0.412772408316853        0.339231220500617E-02
   -0.123354853258333        0.902442529533000        0.412772408316853        0.339231220500617E-02
    0.123354853258333       -0.902442529533000        0.412772408316853        0.339231220500617E-02
   -0.123354853258333       -0.902442529533000        0.412772408316853        0.339231220500617E-02
    0.123354853258333        0.902442529533000       -0.412772408316853        0.339231220500617E-02
   -0.123354853258333        0.902442529533000       -0.412772408316853        0.339231220500617E-02
    0.123354853258333       -0.902442529533000       -0.412772408316853        0.339231220500617E-02
   -0.123354853258333       -0.902442529533000       -0.412772408316853        0.339231220500617E-02
    0.412772408316853        0.123354853258333        0.902442529533000        0.339231220500617E-02
   -0.412772408316853        0.123354853258333        0.902442529533000        0.339231220500617E-02
    0.412772408316853       -0.123354853258333        0.902442529533000        0.339231220500617E-02
   -0.412772408316853       -0.123354853258333        0.902442529533000        0.339231220500617E-02
    0.412772408316853        0.123354853258333       -0.902442529533000        0.339231220500617E-02
   -0.412772408316853        0.123354853258333       -0.902442529533000        0.339231220500617E-02
    0.412772408316853       -0.123354853258333       -0.902442529533000        0.339231220500617E-02
   -0.412772408316853       -0.123354853258333       -0.902442529533000        0.339231220500617E-02
    0.412772408316853        0.902442529533000        0.123354853258333        0.339231220500617E-02
   -0.412772408316853        0.902442529533000        0.123354853258333        0.339231220500617E-02
    0.412772408316853       -0.902442529533000        0.123354853258333        0.339231220500617E-02
   -0.412772408316853       -0.902442529533000        0.123354853258333        0.339231220500617E-02
    0.412772408316853        0.902442529533000       -0.123354853258333        0.339231220500617E-02
   -0.412772408316853        0.902442529533000       -0.123354853258333        0.339231220500617E-02
    0.412772408316853       -0.902442529533000       -0.123354853258333        0.339231220500617E-02
   -0.412772408316853       -0.902442529533000       -0.123354853258333        0.339231220500617E-02
    0.902442529533000        0.123354853258333        0.412772408316853        0.339231220500617E-02
   -0.902442529533000        0.123354853258333        0.412772408316853        0.339231220500617E-02
    0.902442529533000       -0.123354853258333        0.412772408316853        0.339231220500617E-02
   -0.902442529533000       -0.123354853258333        0.412772408316853        0.339231220500617E-02
    0.902442529533000        0.123354853258333       -0.412772408316853        0.339231220500617E-02
   -0.902442529533000        0.123354853258333       -0.412772408316853        0.339231220500617E-02
    0.902442529533000       -0.123354853258333       -0.412772408316853        0.339231220500617E-02
   -0.902442529533000       -0.123354853258333       -0.412772408316853        0.339231220500617E-02
    0.902442529533000        0.412772408316853        0.123354853258333        0.339231220500617E-02
   -0.902442529533000        0.412772408316853        0.123354853258333        0.339231220500617E-02
    0.902442529533000       -0.412772408316853        0.123354853258333        0.339231220500617E-02
   -0.902442529533000       -0.412772408316853        0.123354853258333        0.339231220500617E-02
    0.902442529533000        0.412772408316853       -0.123354853258333        0.339231220500617E-02
   -0.902442529533000        0.412772408316853       -0.123354853258333        0.339231220500617E-02
    0.902442529533000       -0.412772408316853       -0.123354853258333        0.339231220500617E-02
   -0.902442529533000       -0.412772408316853       -0.123354853258333        0.339231220500617E-02
