     1.00000000000000         0.00000000000000         0.00000000000000       -0.552263991972732E-01
    -1.00000000000000         0.00000000000000         0.00000000000000       -0.552263991972732E-01
     0.00000000000000         1.00000000000000         0.00000000000000       -0.552263991972732E-01
     0.00000000000000        -1.00000000000000         0.00000000000000       -0.552263991972732E-01
     0.00000000000000         0.00000000000000         1.00000000000000       -0.552263991972732E-01
     0.00000000000000         0.00000000000000        -1.00000000000000       -0.552263991972732E-01
    0.577350269189626        0.577350269189626        0.577350269189626        0.445027460744523E-02
   -0.577350269189626        0.577350269189626        0.577350269189626        0.445027460744523E-02
    0.577350269189626       -0.577350269189626        0.577350269189626        0.445027460744523E-02
   -0.577350269189626       -0.577350269189626        0.577350269189626        0.445027460744523E-02
    0.577350269189626        0.577350269189626       -0.577350269189626        0.445027460744523E-02
   -0.577350269189626        0.577350269189626       -0.577350269189626        0.445027460744523E-02
    0.577350269189626       -0.577350269189626       -0.577350269189626        0.445027460744523E-02
   -0.577350269189626       -0.577350269189626       -0.577350269189626        0.445027460744523E-02
    0.449204468739761        0.449204468739761        0.772289253148364        0.449684106792140E-02
   -0.449204468739761        0.449204468739761        0.772289253148364        0.449684106792140E-02
    0.449204468739761       -0.449204468739761        0.772289253148364        0.449684106792140E-02
   -0.449204468739761       -0.449204468739761        0.772289253148364        0.449684106792140E-02
    0.449204468739761        0.449204468739761       -0.772289253148364        0.449684106792140E-02
   -0.449204468739761        0.449204468739761       -0.772289253148364        0.449684106792140E-02
    0.449204468739761       -0.449204468739761       -0.772289253148364        0.449684106792140E-02
   -0.449204468739761       -0.449204468739761       -0.772289253148364        0.449684106792140E-02
    0.449204468739761        0.772289253148364        0.449204468739761        0.449684106792140E-02
   -0.449204468739761        0.772289253148364        0.449204468739761        0.449684106792140E-02
    0.449204468739761       -0.772289253148364        0.449204468739761        0.449684106792140E-02
   -0.449204468739761       -0.772289253148364        0.449204468739761        0.449684106792140E-02
    0.449204468739761        0.772289253148364       -0.449204468739761        0.449684106792140E-02
   -0.449204468739761        0.772289253148364       -0.449204468739761        0.449684106792140E-02
    0.449204468739761       -0.772289253148364       -0.449204468739761        0.449684106792140E-02
   -0.449204468739761       -0.772289253148364       -0.449204468739761        0.449684106792140E-02
    0.772289253148364        0.449204468739761        0.449204468739761        0.449684106792140E-02
   -0.772289253148364        0.449204468739761        0.449204468739761        0.449684106792140E-02
    0.772289253148364       -0.449204468739761        0.449204468739761        0.449684106792140E-02
   -0.772289253148364       -0.449204468739761        0.449204468739761        0.449684106792140E-02
    0.772289253148364        0.449204468739761       -0.449204468739761        0.449684106792140E-02
   -0.772289253148364        0.449204468739761       -0.449204468739761        0.449684106792140E-02
    0.772289253148364       -0.449204468739761       -0.449204468739761        0.449684106792140E-02
   -0.772289253148364       -0.449204468739761       -0.449204468739761        0.449684106792140E-02
    0.252041949021020        0.252041949021020        0.934317778845812        0.504915345047875E-02
   -0.252041949021020        0.252041949021020        0.934317778845812        0.504915345047875E-02
    0.252041949021020       -0.252041949021020        0.934317778845812        0.504915345047875E-02
   -0.252041949021020       -0.252041949021020        0.934317778845812        0.504915345047875E-02
    0.252041949021020        0.252041949021020       -0.934317778845812        0.504915345047875E-02
   -0.252041949021020        0.252041949021020       -0.934317778845812        0.504915345047875E-02
    0.252041949021020       -0.252041949021020       -0.934317778845812        0.504915345047875E-02
   -0.252041949021020       -0.252041949021020       -0.934317778845812        0.504915345047875E-02
    0.252041949021020        0.934317778845812        0.252041949021020        0.504915345047875E-02
   -0.252041949021020        0.934317778845812        0.252041949021020        0.504915345047875E-02
    0.252041949021020       -0.934317778845812        0.252041949021020        0.504915345047875E-02
   -0.252041949021020       -0.934317778845812        0.252041949021020        0.504915345047875E-02
    0.252041949021020        0.934317778845812       -0.252041949021020        0.504915345047875E-02
   -0.252041949021020        0.934317778845812       -0.252041949021020        0.504915345047875E-02
    0.252041949021020       -0.934317778845812       -0.252041949021020        0.504915345047875E-02
   -0.252041949021020       -0.934317778845812       -0.252041949021020        0.504915345047875E-02
    0.934317778845812        0.252041949021020        0.252041949021020        0.504915345047875E-02
   -0.934317778845812        0.252041949021020        0.252041949021020        0.504915345047875E-02
    0.934317778845812       -0.252041949021020        0.252041949021020        0.504915345047875E-02
   -0.934317778845812       -0.252041949021020        0.252041949021020        0.504915345047875E-02
    0.934317778845812        0.252041949021020       -0.252041949021020        0.504915345047875E-02
   -0.934317778845812        0.252041949021020       -0.252041949021020        0.504915345047875E-02
    0.934317778845812       -0.252041949021020       -0.252041949021020        0.504915345047875E-02
   -0.934317778845812       -0.252041949021020       -0.252041949021020        0.504915345047875E-02
    0.698190665844724        0.698190665844724        0.158302205463478        0.397640801805188E-02
   -0.698190665844724        0.698190665844724        0.158302205463478        0.397640801805188E-02
    0.698190665844724       -0.698190665844724        0.158302205463478        0.397640801805188E-02
   -0.698190665844724       -0.698190665844724        0.158302205463478        0.397640801805188E-02
    0.698190665844724        0.698190665844724       -0.158302205463478        0.397640801805188E-02
   -0.698190665844724        0.698190665844724       -0.158302205463478        0.397640801805188E-02
    0.698190665844724       -0.698190665844724       -0.158302205463478        0.397640801805188E-02
   -0.698190665844724       -0.698190665844724       -0.158302205463478        0.397640801805188E-02
    0.698190665844724        0.158302205463478        0.698190665844724        0.397640801805188E-02
   -0.698190665844724        0.158302205463478        0.698190665844724        0.397640801805188E-02
    0.698190665844724       -0.158302205463478        0.698190665844724        0.397640801805188E-02
   -0.698190665844724       -0.158302205463478        0.698190665844724        0.397640801805188E-02
    0.698190665844724        0.158302205463478       -0.698190665844724        0.397640801805188E-02
   -0.698190665844724        0.158302205463478       -0.698190665844724        0.397640801805188E-02
    0.698190665844724       -0.158302205463478       -0.698190665844724        0.397640801805188E-02
   -0.698190665844724       -0.158302205463478       -0.698190665844724        0.397640801805188E-02
    0.158302205463478        0.698190665844724        0.698190665844724        0.397640801805188E-02
   -0.158302205463478        0.698190665844724        0.698190665844724        0.397640801805188E-02
    0.158302205463478       -0.698190665844724        0.698190665844724        0.397640801805188E-02
   -0.158302205463478       -0.698190665844724        0.698190665844724        0.397640801805188E-02
    0.158302205463478        0.698190665844724       -0.698190665844724        0.397640801805188E-02
   -0.158302205463478        0.698190665844724       -0.698190665844724        0.397640801805188E-02
    0.158302205463478       -0.698190665844724       -0.698190665844724        0.397640801805188E-02
   -0.158302205463478       -0.698190665844724       -0.698190665844724        0.397640801805188E-02
    0.658740524346096        0.658740524346096        0.363485684956727        0.440140065038101E-02
   -0.658740524346096        0.658740524346096        0.363485684956727        0.440140065038101E-02
    0.658740524346096       -0.658740524346096        0.363485684956727        0.440140065038101E-02
   -0.658740524346096       -0.658740524346096        0.363485684956727        0.440140065038101E-02
    0.658740524346096        0.658740524346096       -0.363485684956727        0.440140065038101E-02
   -0.658740524346096        0.658740524346096       -0.363485684956727        0.440140065038101E-02
    0.658740524346096       -0.658740524346096       -0.363485684956727        0.440140065038101E-02
   -0.658740524346096       -0.658740524346096       -0.363485684956727        0.440140065038101E-02
    0.658740524346096        0.363485684956727        0.658740524346096        0.440140065038101E-02
   -0.658740524346096        0.363485684956727        0.658740524346096        0.440140065038101E-02
    0.658740524346096       -0.363485684956727        0.658740524346096        0.440140065038101E-02
   -0.658740524346096       -0.363485684956727        0.658740524346096        0.440140065038101E-02
    0.658740524346096        0.363485684956727       -0.658740524346096        0.440140065038101E-02
   -0.658740524346096        0.363485684956727       -0.658740524346096        0.440140065038101E-02
    0.658740524346096       -0.363485684956727       -0.658740524346096        0.440140065038101E-02
   -0.658740524346096       -0.363485684956727       -0.658740524346096        0.440140065038101E-02
    0.363485684956727        0.658740524346096        0.658740524346096        0.440140065038101E-02
   -0.363485684956727        0.658740524346096        0.658740524346096        0.440140065038101E-02
    0.363485684956727       -0.658740524346096        0.658740524346096        0.440140065038101E-02
   -0.363485684956727       -0.658740524346096        0.658740524346096        0.440140065038101E-02
    0.363485684956727        0.658740524346096       -0.658740524346096        0.440140065038101E-02
   -0.363485684956727        0.658740524346096       -0.658740524346096        0.440140065038101E-02
    0.363485684956727       -0.658740524346096       -0.658740524346096        0.440140065038101E-02
   -0.363485684956727       -0.658740524346096       -0.658740524346096        0.440140065038101E-02
    0.403854405009766E-01    0.403854405009766E-01    0.998367683967727        0.172454435054440E-01
   -0.403854405009766E-01    0.403854405009766E-01    0.998367683967727        0.172454435054440E-01
    0.403854405009766E-01   -0.403854405009766E-01    0.998367683967727        0.172454435054440E-01
   -0.403854405009766E-01   -0.403854405009766E-01    0.998367683967727        0.172454435054440E-01
    0.403854405009766E-01    0.403854405009766E-01   -0.998367683967727        0.172454435054440E-01
   -0.403854405009766E-01    0.403854405009766E-01   -0.998367683967727        0.172454435054440E-01
    0.403854405009766E-01   -0.403854405009766E-01   -0.998367683967727        0.172454435054440E-01
   -0.403854405009766E-01   -0.403854405009766E-01   -0.998367683967727        0.172454435054440E-01
    0.403854405009766E-01    0.998367683967727        0.403854405009766E-01    0.172454435054440E-01
   -0.403854405009766E-01    0.998367683967727        0.403854405009766E-01    0.172454435054440E-01
    0.403854405009766E-01   -0.998367683967727        0.403854405009766E-01    0.172454435054440E-01
   -0.403854405009766E-01   -0.998367683967727        0.403854405009766E-01    0.172454435054440E-01
    0.403854405009766E-01    0.998367683967727       -0.403854405009766E-01    0.172454435054440E-01
   -0.403854405009766E-01    0.998367683967727       -0.403854405009766E-01    0.172454435054440E-01
    0.403854405009766E-01   -0.998367683967727       -0.403854405009766E-01    0.172454435054440E-01
   -0.403854405009766E-01   -0.998367683967727       -0.403854405009766E-01    0.172454435054440E-01
    0.998367683967727        0.403854405009766E-01    0.403854405009766E-01    0.172454435054440E-01
   -0.998367683967727        0.403854405009766E-01    0.403854405009766E-01    0.172454435054440E-01
    0.998367683967727       -0.403854405009766E-01    0.403854405009766E-01    0.172454435054440E-01
   -0.998367683967727       -0.403854405009766E-01    0.403854405009766E-01    0.172454435054440E-01
    0.998367683967727        0.403854405009766E-01   -0.403854405009766E-01    0.172454435054440E-01
   -0.998367683967727        0.403854405009766E-01   -0.403854405009766E-01    0.172454435054440E-01
    0.998367683967727       -0.403854405009766E-01   -0.403854405009766E-01    0.172454435054440E-01
   -0.998367683967727       -0.403854405009766E-01   -0.403854405009766E-01    0.172454435054440E-01
    0.582384230971558        0.812913653173365         0.00000000000000        0.423108309535734E-02
   -0.582384230971558        0.812913653173365         0.00000000000000        0.423108309535734E-02
    0.582384230971558       -0.812913653173365         0.00000000000000        0.423108309535734E-02
   -0.582384230971558       -0.812913653173365         0.00000000000000        0.423108309535734E-02
    0.812913653173365        0.582384230971558         0.00000000000000        0.423108309535734E-02
   -0.812913653173365        0.582384230971558         0.00000000000000        0.423108309535734E-02
    0.812913653173365       -0.582384230971558         0.00000000000000        0.423108309535734E-02
   -0.812913653173365       -0.582384230971558         0.00000000000000        0.423108309535734E-02
    0.582384230971558         0.00000000000000        0.812913653173365        0.423108309535734E-02
   -0.582384230971558         0.00000000000000        0.812913653173365        0.423108309535734E-02
    0.582384230971558         0.00000000000000       -0.812913653173365        0.423108309535734E-02
   -0.582384230971558         0.00000000000000       -0.812913653173365        0.423108309535734E-02
    0.812913653173365         0.00000000000000        0.582384230971558        0.423108309535734E-02
   -0.812913653173365         0.00000000000000        0.582384230971558        0.423108309535734E-02
    0.812913653173365         0.00000000000000       -0.582384230971558        0.423108309535734E-02
   -0.812913653173365         0.00000000000000       -0.582384230971558        0.423108309535734E-02
     0.00000000000000        0.582384230971558        0.812913653173365        0.423108309535734E-02
     0.00000000000000       -0.582384230971558        0.812913653173365        0.423108309535734E-02
     0.00000000000000        0.582384230971558       -0.812913653173365        0.423108309535734E-02
     0.00000000000000       -0.582384230971558       -0.812913653173365        0.423108309535734E-02
     0.00000000000000        0.812913653173365        0.582384230971558        0.423108309535734E-02
     0.00000000000000       -0.812913653173365        0.582384230971558        0.423108309535734E-02
     0.00000000000000        0.812913653173365       -0.582384230971558        0.423108309535734E-02
     0.00000000000000       -0.812913653173365       -0.582384230971558        0.423108309535734E-02
    0.354587739051869        0.935022745880593         0.00000000000000        0.519806986406440E-02
   -0.354587739051869        0.935022745880593         0.00000000000000        0.519806986406440E-02
    0.354587739051869       -0.935022745880593         0.00000000000000        0.519806986406440E-02
   -0.354587739051869       -0.935022745880593         0.00000000000000        0.519806986406440E-02
    0.935022745880593        0.354587739051869         0.00000000000000        0.519806986406440E-02
   -0.935022745880593        0.354587739051869         0.00000000000000        0.519806986406440E-02
    0.935022745880593       -0.354587739051869         0.00000000000000        0.519806986406440E-02
   -0.935022745880593       -0.354587739051869         0.00000000000000        0.519806986406440E-02
    0.354587739051869         0.00000000000000        0.935022745880593        0.519806986406440E-02
   -0.354587739051869         0.00000000000000        0.935022745880593        0.519806986406440E-02
    0.354587739051869         0.00000000000000       -0.935022745880593        0.519806986406440E-02
   -0.354587739051869         0.00000000000000       -0.935022745880593        0.519806986406440E-02
    0.935022745880593         0.00000000000000        0.354587739051869        0.519806986406440E-02
   -0.935022745880593         0.00000000000000        0.354587739051869        0.519806986406440E-02
    0.935022745880593         0.00000000000000       -0.354587739051869        0.519806986406440E-02
   -0.935022745880593         0.00000000000000       -0.354587739051869        0.519806986406440E-02
     0.00000000000000        0.354587739051869        0.935022745880593        0.519806986406440E-02
     0.00000000000000       -0.354587739051869        0.935022745880593        0.519806986406440E-02
     0.00000000000000        0.354587739051869       -0.935022745880593        0.519806986406440E-02
     0.00000000000000       -0.354587739051869       -0.935022745880593        0.519806986406440E-02
     0.00000000000000        0.935022745880593        0.354587739051869        0.519806986406440E-02
     0.00000000000000       -0.935022745880593        0.354587739051869        0.519806986406440E-02
     0.00000000000000        0.935022745880593       -0.354587739051869        0.519806986406440E-02
     0.00000000000000       -0.935022745880593       -0.354587739051869        0.519806986406440E-02
    0.227218180899819        0.486466153588665        0.843636521068894        0.469572097256888E-02
   -0.227218180899819        0.486466153588665        0.843636521068894        0.469572097256888E-02
    0.227218180899819       -0.486466153588665        0.843636521068894        0.469572097256888E-02
   -0.227218180899819       -0.486466153588665        0.843636521068894        0.469572097256888E-02
    0.227218180899819        0.486466153588665       -0.843636521068894        0.469572097256888E-02
   -0.227218180899819        0.486466153588665       -0.843636521068894        0.469572097256888E-02
    0.227218180899819       -0.486466153588665       -0.843636521068894        0.469572097256888E-02
   -0.227218180899819       -0.486466153588665       -0.843636521068894        0.469572097256888E-02
    0.227218180899819        0.843636521068894        0.486466153588665        0.469572097256888E-02
   -0.227218180899819        0.843636521068894        0.486466153588665        0.469572097256888E-02
    0.227218180899819       -0.843636521068894        0.486466153588665        0.469572097256888E-02
   -0.227218180899819       -0.843636521068894        0.486466153588665        0.469572097256888E-02
    0.227218180899819        0.843636521068894       -0.486466153588665        0.469572097256888E-02
   -0.227218180899819        0.843636521068894       -0.486466153588665        0.469572097256888E-02
    0.227218180899819       -0.843636521068894       -0.486466153588665        0.469572097256888E-02
   -0.227218180899819       -0.843636521068894       -0.486466153588665        0.469572097256888E-02
    0.486466153588665        0.227218180899819        0.843636521068894        0.469572097256888E-02
   -0.486466153588665        0.227218180899819        0.843636521068894        0.469572097256888E-02
    0.486466153588665       -0.227218180899819        0.843636521068894        0.469572097256888E-02
   -0.486466153588665       -0.227218180899819        0.843636521068894        0.469572097256888E-02
    0.486466153588665        0.227218180899819       -0.843636521068894        0.469572097256888E-02
   -0.486466153588665        0.227218180899819       -0.843636521068894        0.469572097256888E-02
    0.486466153588665       -0.227218180899819       -0.843636521068894        0.469572097256888E-02
   -0.486466153588665       -0.227218180899819       -0.843636521068894        0.469572097256888E-02
    0.486466153588665        0.843636521068894        0.227218180899819        0.469572097256888E-02
   -0.486466153588665        0.843636521068894        0.227218180899819        0.469572097256888E-02
    0.486466153588665       -0.843636521068894        0.227218180899819        0.469572097256888E-02
   -0.486466153588665       -0.843636521068894        0.227218180899819        0.469572097256888E-02
    0.486466153588665        0.843636521068894       -0.227218180899819        0.469572097256888E-02
   -0.486466153588665        0.843636521068894       -0.227218180899819        0.469572097256888E-02
    0.486466153588665       -0.843636521068894       -0.227218180899819        0.469572097256888E-02
   -0.486466153588665       -0.843636521068894       -0.227218180899819        0.469572097256888E-02
    0.843636521068894        0.227218180899819        0.486466153588665        0.469572097256888E-02
   -0.843636521068894        0.227218180899819        0.486466153588665        0.469572097256888E-02
    0.843636521068894       -0.227218180899819        0.486466153588665        0.469572097256888E-02
   -0.843636521068894       -0.227218180899819        0.486466153588665        0.469572097256888E-02
    0.843636521068894        0.227218180899819       -0.486466153588665        0.469572097256888E-02
   -0.843636521068894        0.227218180899819       -0.486466153588665        0.469572097256888E-02
    0.843636521068894       -0.227218180899819       -0.486466153588665        0.469572097256888E-02
   -0.843636521068894       -0.227218180899819       -0.486466153588665        0.469572097256888E-02
    0.843636521068894        0.486466153588665        0.227218180899819        0.469572097256888E-02
   -0.843636521068894        0.486466153588665        0.227218180899819        0.469572097256888E-02
    0.843636521068894       -0.486466153588665        0.227218180899819        0.469572097256888E-02
   -0.843636521068894       -0.486466153588665        0.227218180899819        0.469572097256888E-02
    0.843636521068894        0.486466153588665       -0.227218180899819        0.469572097256888E-02
   -0.843636521068894        0.486466153588665       -0.227218180899819        0.469572097256888E-02
    0.843636521068894       -0.486466153588665       -0.227218180899819        0.469572097256888E-02
   -0.843636521068894       -0.486466153588665       -0.227218180899819        0.469572097256888E-02
