     1.00000000000000         0.00000000000000         0.00000000000000        0.513067179733846E-03
    -1.00000000000000         0.00000000000000         0.00000000000000        0.513067179733846E-03
     0.00000000000000         1.00000000000000         0.00000000000000        0.513067179733846E-03
     0.00000000000000        -1.00000000000000         0.00000000000000        0.513067179733846E-03
     0.00000000000000         0.00000000000000         1.00000000000000        0.513067179733846E-03
     0.00000000000000         0.00000000000000        -1.00000000000000        0.513067179733846E-03
     0.00000000000000        0.707106781186548        0.707106781186548        0.166040695657420E-01
     0.00000000000000       -0.707106781186548        0.707106781186548        0.166040695657420E-01
     0.00000000000000        0.707106781186548       -0.707106781186548        0.166040695657420E-01
     0.00000000000000       -0.707106781186548       -0.707106781186548        0.166040695657420E-01
    0.707106781186548         0.00000000000000        0.707106781186548        0.166040695657420E-01
   -0.707106781186548         0.00000000000000        0.707106781186548        0.166040695657420E-01
    0.707106781186548         0.00000000000000       -0.707106781186548        0.166040695657420E-01
   -0.707106781186548         0.00000000000000       -0.707106781186548        0.166040695657420E-01
    0.707106781186548        0.707106781186548         0.00000000000000        0.166040695657420E-01
   -0.707106781186548        0.707106781186548         0.00000000000000        0.166040695657420E-01
    0.707106781186548       -0.707106781186548         0.00000000000000        0.166040695657420E-01
   -0.707106781186548       -0.707106781186548         0.00000000000000        0.166040695657420E-01
    0.577350269189626        0.577350269189626        0.577350269189626       -0.295860389610390E-01
   -0.577350269189626        0.577350269189626        0.577350269189626       -0.295860389610390E-01
    0.577350269189626       -0.577350269189626        0.577350269189626       -0.295860389610390E-01
   -0.577350269189626       -0.577350269189626        0.577350269189626       -0.295860389610390E-01
    0.577350269189626        0.577350269189626       -0.577350269189626       -0.295860389610390E-01
   -0.577350269189626        0.577350269189626       -0.577350269189626       -0.295860389610390E-01
    0.577350269189626       -0.577350269189626       -0.577350269189626       -0.295860389610390E-01
   -0.577350269189626       -0.577350269189626       -0.577350269189626       -0.295860389610390E-01
    0.480384461415261        0.480384461415261        0.733799385705343        0.265762070821595E-01
   -0.480384461415261        0.480384461415261        0.733799385705343        0.265762070821595E-01
    0.480384461415261       -0.480384461415261        0.733799385705343        0.265762070821595E-01
   -0.480384461415261       -0.480384461415261        0.733799385705343        0.265762070821595E-01
    0.480384461415261        0.480384461415261       -0.733799385705343        0.265762070821595E-01
   -0.480384461415261        0.480384461415261       -0.733799385705343        0.265762070821595E-01
    0.480384461415261       -0.480384461415261       -0.733799385705343        0.265762070821595E-01
   -0.480384461415261       -0.480384461415261       -0.733799385705343        0.265762070821595E-01
    0.480384461415261        0.733799385705343        0.480384461415261        0.265762070821595E-01
   -0.480384461415261        0.733799385705343        0.480384461415261        0.265762070821595E-01
    0.480384461415261       -0.733799385705343        0.480384461415261        0.265762070821595E-01
   -0.480384461415261       -0.733799385705343        0.480384461415261        0.265762070821595E-01
    0.480384461415261        0.733799385705343       -0.480384461415261        0.265762070821595E-01
   -0.480384461415261        0.733799385705343       -0.480384461415261        0.265762070821595E-01
    0.480384461415261       -0.733799385705343       -0.480384461415261        0.265762070821595E-01
   -0.480384461415261       -0.733799385705343       -0.480384461415261        0.265762070821595E-01
    0.733799385705343        0.480384461415261        0.480384461415261        0.265762070821595E-01
   -0.733799385705343        0.480384461415261        0.480384461415261        0.265762070821595E-01
    0.733799385705343       -0.480384461415261        0.480384461415261        0.265762070821595E-01
   -0.733799385705343       -0.480384461415261        0.480384461415261        0.265762070821595E-01
    0.733799385705343        0.480384461415261       -0.480384461415261        0.265762070821595E-01
   -0.733799385705343        0.480384461415261       -0.480384461415261        0.265762070821595E-01
    0.733799385705343       -0.480384461415261       -0.480384461415261        0.265762070821595E-01
   -0.733799385705343       -0.480384461415261       -0.480384461415261        0.265762070821595E-01
    0.320772648980776        0.947156221362588         0.00000000000000        0.165221709937157E-01
   -0.320772648980776        0.947156221362588         0.00000000000000        0.165221709937157E-01
    0.320772648980776       -0.947156221362588         0.00000000000000        0.165221709937157E-01
   -0.320772648980776       -0.947156221362588         0.00000000000000        0.165221709937157E-01
    0.947156221362588        0.320772648980776         0.00000000000000        0.165221709937157E-01
   -0.947156221362588        0.320772648980776         0.00000000000000        0.165221709937157E-01
    0.947156221362588       -0.320772648980776         0.00000000000000        0.165221709937157E-01
   -0.947156221362588       -0.320772648980776         0.00000000000000        0.165221709937157E-01
    0.320772648980776         0.00000000000000        0.947156221362588        0.165221709937157E-01
   -0.320772648980776         0.00000000000000        0.947156221362588        0.165221709937157E-01
    0.320772648980776         0.00000000000000       -0.947156221362588        0.165221709937157E-01
   -0.320772648980776         0.00000000000000       -0.947156221362588        0.165221709937157E-01
    0.947156221362588         0.00000000000000        0.320772648980776        0.165221709937157E-01
   -0.947156221362588         0.00000000000000        0.320772648980776        0.165221709937157E-01
    0.947156221362588         0.00000000000000       -0.320772648980776        0.165221709937157E-01
   -0.947156221362588         0.00000000000000       -0.320772648980776        0.165221709937157E-01
     0.00000000000000        0.320772648980776        0.947156221362588        0.165221709937157E-01
     0.00000000000000       -0.320772648980776        0.947156221362588        0.165221709937157E-01
     0.00000000000000        0.320772648980776       -0.947156221362588        0.165221709937157E-01
     0.00000000000000       -0.320772648980776       -0.947156221362588        0.165221709937157E-01
     0.00000000000000        0.947156221362588        0.320772648980776        0.165221709937157E-01
     0.00000000000000       -0.947156221362588        0.320772648980776        0.165221709937157E-01
     0.00000000000000        0.947156221362588       -0.320772648980776        0.165221709937157E-01
     0.00000000000000       -0.947156221362588       -0.320772648980776        0.165221709937157E-01
