     1.00000000000000         0.00000000000000         0.00000000000000        0.219294208818118E-03
    -1.00000000000000         0.00000000000000         0.00000000000000        0.219294208818118E-03
     0.00000000000000         1.00000000000000         0.00000000000000        0.219294208818118E-03
     0.00000000000000        -1.00000000000000         0.00000000000000        0.219294208818118E-03
     0.00000000000000         0.00000000000000         1.00000000000000        0.219294208818118E-03
     0.00000000000000         0.00000000000000        -1.00000000000000        0.219294208818118E-03
     0.00000000000000        0.707106781186548        0.707106781186548        0.143643361731908E-02
     0.00000000000000       -0.707106781186548        0.707106781186548        0.143643361731908E-02
     0.00000000000000        0.707106781186548       -0.707106781186548        0.143643361731908E-02
     0.00000000000000       -0.707106781186548       -0.707106781186548        0.143643361731908E-02
    0.707106781186548         0.00000000000000        0.707106781186548        0.143643361731908E-02
   -0.707106781186548         0.00000000000000        0.707106781186548        0.143643361731908E-02
    0.707106781186548         0.00000000000000       -0.707106781186548        0.143643361731908E-02
   -0.707106781186548         0.00000000000000       -0.707106781186548        0.143643361731908E-02
    0.707106781186548        0.707106781186548         0.00000000000000        0.143643361731908E-02
   -0.707106781186548        0.707106781186548         0.00000000000000        0.143643361731908E-02
    0.707106781186548       -0.707106781186548         0.00000000000000        0.143643361731908E-02
   -0.707106781186548       -0.707106781186548         0.00000000000000        0.143643361731908E-02
    0.577350269189626        0.577350269189626        0.577350269189626        0.142194034433588E-02
   -0.577350269189626        0.577350269189626        0.577350269189626        0.142194034433588E-02
    0.577350269189626       -0.577350269189626        0.577350269189626        0.142194034433588E-02
   -0.577350269189626       -0.577350269189626        0.577350269189626        0.142194034433588E-02
    0.577350269189626        0.577350269189626       -0.577350269189626        0.142194034433588E-02
   -0.577350269189626        0.577350269189626       -0.577350269189626        0.142194034433588E-02
    0.577350269189626       -0.577350269189626       -0.577350269189626        0.142194034433588E-02
   -0.577350269189626       -0.577350269189626       -0.577350269189626        0.142194034433588E-02
    0.508720441050236E-01    0.508720441050236E-01    0.997408677652823        0.679812351105050E-03
   -0.508720441050236E-01    0.508720441050236E-01    0.997408677652823        0.679812351105050E-03
    0.508720441050236E-01   -0.508720441050236E-01    0.997408677652823        0.679812351105050E-03
   -0.508720441050236E-01   -0.508720441050236E-01    0.997408677652823        0.679812351105050E-03
    0.508720441050236E-01    0.508720441050236E-01   -0.997408677652823        0.679812351105050E-03
   -0.508720441050236E-01    0.508720441050236E-01   -0.997408677652823        0.679812351105050E-03
    0.508720441050236E-01   -0.508720441050236E-01   -0.997408677652823        0.679812351105050E-03
   -0.508720441050236E-01   -0.508720441050236E-01   -0.997408677652823        0.679812351105050E-03
    0.508720441050236E-01    0.997408677652823        0.508720441050236E-01    0.679812351105050E-03
   -0.508720441050236E-01    0.997408677652823        0.508720441050236E-01    0.679812351105050E-03
    0.508720441050236E-01   -0.997408677652823        0.508720441050236E-01    0.679812351105050E-03
   -0.508720441050236E-01   -0.997408677652823        0.508720441050236E-01    0.679812351105050E-03
    0.508720441050236E-01    0.997408677652823       -0.508720441050236E-01    0.679812351105050E-03
   -0.508720441050236E-01    0.997408677652823       -0.508720441050236E-01    0.679812351105050E-03
    0.508720441050236E-01   -0.997408677652823       -0.508720441050236E-01    0.679812351105050E-03
   -0.508720441050236E-01   -0.997408677652823       -0.508720441050236E-01    0.679812351105050E-03
    0.997408677652823        0.508720441050236E-01    0.508720441050236E-01    0.679812351105050E-03
   -0.997408677652823        0.508720441050236E-01    0.508720441050236E-01    0.679812351105050E-03
    0.997408677652823       -0.508720441050236E-01    0.508720441050236E-01    0.679812351105050E-03
   -0.997408677652823       -0.508720441050236E-01    0.508720441050236E-01    0.679812351105050E-03
    0.997408677652823        0.508720441050236E-01   -0.508720441050236E-01    0.679812351105050E-03
   -0.997408677652823        0.508720441050236E-01   -0.508720441050236E-01    0.679812351105050E-03
    0.997408677652823       -0.508720441050236E-01   -0.508720441050236E-01    0.679812351105050E-03
   -0.997408677652823       -0.508720441050236E-01   -0.508720441050236E-01    0.679812351105050E-03
    0.122819879017883        0.122819879017883        0.984799753572301        0.991318423529491E-03
   -0.122819879017883        0.122819879017883        0.984799753572301        0.991318423529491E-03
    0.122819879017883       -0.122819879017883        0.984799753572301        0.991318423529491E-03
   -0.122819879017883       -0.122819879017883        0.984799753572301        0.991318423529491E-03
    0.122819879017883        0.122819879017883       -0.984799753572301        0.991318423529491E-03
   -0.122819879017883        0.122819879017883       -0.984799753572301        0.991318423529491E-03
    0.122819879017883       -0.122819879017883       -0.984799753572301        0.991318423529491E-03
   -0.122819879017883       -0.122819879017883       -0.984799753572301        0.991318423529491E-03
    0.122819879017883        0.984799753572301        0.122819879017883        0.991318423529491E-03
   -0.122819879017883        0.984799753572301        0.122819879017883        0.991318423529491E-03
    0.122819879017883       -0.984799753572301        0.122819879017883        0.991318423529491E-03
   -0.122819879017883       -0.984799753572301        0.122819879017883        0.991318423529491E-03
    0.122819879017883        0.984799753572301       -0.122819879017883        0.991318423529491E-03
   -0.122819879017883        0.984799753572301       -0.122819879017883        0.991318423529491E-03
    0.122819879017883       -0.984799753572301       -0.122819879017883        0.991318423529491E-03
   -0.122819879017883       -0.984799753572301       -0.122819879017883        0.991318423529491E-03
    0.984799753572301        0.122819879017883        0.122819879017883        0.991318423529491E-03
   -0.984799753572301        0.122819879017883        0.122819879017883        0.991318423529491E-03
    0.984799753572301       -0.122819879017883        0.122819879017883        0.991318423529491E-03
   -0.984799753572301       -0.122819879017883        0.122819879017883        0.991318423529491E-03
    0.984799753572301        0.122819879017883       -0.122819879017883        0.991318423529491E-03
   -0.984799753572301        0.122819879017883       -0.122819879017883        0.991318423529491E-03
    0.984799753572301       -0.122819879017883       -0.122819879017883        0.991318423529491E-03
   -0.984799753572301       -0.122819879017883       -0.122819879017883        0.991318423529491E-03
    0.202689081440879        0.202689081440879        0.958036675983391        0.118020783323895E-02
   -0.202689081440879        0.202689081440879        0.958036675983391        0.118020783323895E-02
    0.202689081440879       -0.202689081440879        0.958036675983391        0.118020783323895E-02
   -0.202689081440879       -0.202689081440879        0.958036675983391        0.118020783323895E-02
    0.202689081440879        0.202689081440879       -0.958036675983391        0.118020783323895E-02
   -0.202689081440879        0.202689081440879       -0.958036675983391        0.118020783323895E-02
    0.202689081440879       -0.202689081440879       -0.958036675983391        0.118020783323895E-02
   -0.202689081440879       -0.202689081440879       -0.958036675983391        0.118020783323895E-02
    0.202689081440879        0.958036675983391        0.202689081440879        0.118020783323895E-02
   -0.202689081440879        0.958036675983391        0.202689081440879        0.118020783323895E-02
    0.202689081440879       -0.958036675983391        0.202689081440879        0.118020783323895E-02
   -0.202689081440879       -0.958036675983391        0.202689081440879        0.118020783323895E-02
    0.202689081440879        0.958036675983391       -0.202689081440879        0.118020783323895E-02
   -0.202689081440879        0.958036675983391       -0.202689081440879        0.118020783323895E-02
    0.202689081440879       -0.958036675983391       -0.202689081440879        0.118020783323895E-02
   -0.202689081440879       -0.958036675983391       -0.202689081440879        0.118020783323895E-02
    0.958036675983391        0.202689081440879        0.202689081440879        0.118020783323895E-02
   -0.958036675983391        0.202689081440879        0.202689081440879        0.118020783323895E-02
    0.958036675983391       -0.202689081440879        0.202689081440879        0.118020783323895E-02
   -0.958036675983391       -0.202689081440879        0.202689081440879        0.118020783323895E-02
    0.958036675983391        0.202689081440879       -0.202689081440879        0.118020783323895E-02
   -0.958036675983391        0.202689081440879       -0.202689081440879        0.118020783323895E-02
    0.958036675983391       -0.202689081440879       -0.202689081440879        0.118020783323895E-02
   -0.958036675983391       -0.202689081440879       -0.202689081440879        0.118020783323895E-02
    0.284774515646429        0.284774515646429        0.915317950483155        0.129659960208092E-02
   -0.284774515646429        0.284774515646429        0.915317950483155        0.129659960208092E-02
    0.284774515646429       -0.284774515646429        0.915317950483155        0.129659960208092E-02
   -0.284774515646429       -0.284774515646429        0.915317950483155        0.129659960208092E-02
    0.284774515646429        0.284774515646429       -0.915317950483155        0.129659960208092E-02
   -0.284774515646429        0.284774515646429       -0.915317950483155        0.129659960208092E-02
    0.284774515646429       -0.284774515646429       -0.915317950483155        0.129659960208092E-02
   -0.284774515646429       -0.284774515646429       -0.915317950483155        0.129659960208092E-02
    0.284774515646429        0.915317950483155        0.284774515646429        0.129659960208092E-02
   -0.284774515646429        0.915317950483155        0.284774515646429        0.129659960208092E-02
    0.284774515646429       -0.915317950483155        0.284774515646429        0.129659960208092E-02
   -0.284774515646429       -0.915317950483155        0.284774515646429        0.129659960208092E-02
    0.284774515646429        0.915317950483155       -0.284774515646429        0.129659960208092E-02
   -0.284774515646429        0.915317950483155       -0.284774515646429        0.129659960208092E-02
    0.284774515646429       -0.915317950483155       -0.284774515646429        0.129659960208092E-02
   -0.284774515646429       -0.915317950483155       -0.284774515646429        0.129659960208092E-02
    0.915317950483155        0.284774515646429        0.284774515646429        0.129659960208092E-02
   -0.915317950483155        0.284774515646429        0.284774515646429        0.129659960208092E-02
    0.915317950483155       -0.284774515646429        0.284774515646429        0.129659960208092E-02
   -0.915317950483155       -0.284774515646429        0.284774515646429        0.129659960208092E-02
    0.915317950483155        0.284774515646429       -0.284774515646429        0.129659960208092E-02
   -0.915317950483155        0.284774515646429       -0.284774515646429        0.129659960208092E-02
    0.915317950483155       -0.284774515646429       -0.284774515646429        0.129659960208092E-02
   -0.915317950483155       -0.284774515646429       -0.284774515646429        0.129659960208092E-02
    0.365671907897803        0.365671907897803        0.855901928697887        0.136587142742832E-02
   -0.365671907897803        0.365671907897803        0.855901928697887        0.136587142742832E-02
    0.365671907897803       -0.365671907897803        0.855901928697887        0.136587142742832E-02
   -0.365671907897803       -0.365671907897803        0.855901928697887        0.136587142742832E-02
    0.365671907897803        0.365671907897803       -0.855901928697887        0.136587142742832E-02
   -0.365671907897803        0.365671907897803       -0.855901928697887        0.136587142742832E-02
    0.365671907897803       -0.365671907897803       -0.855901928697887        0.136587142742832E-02
   -0.365671907897803       -0.365671907897803       -0.855901928697887        0.136587142742832E-02
    0.365671907897803        0.855901928697887        0.365671907897803        0.136587142742832E-02
   -0.365671907897803        0.855901928697887        0.365671907897803        0.136587142742832E-02
    0.365671907897803       -0.855901928697887        0.365671907897803        0.136587142742832E-02
   -0.365671907897803       -0.855901928697887        0.365671907897803        0.136587142742832E-02
    0.365671907897803        0.855901928697887       -0.365671907897803        0.136587142742832E-02
   -0.365671907897803        0.855901928697887       -0.365671907897803        0.136587142742832E-02
    0.365671907897803       -0.855901928697887       -0.365671907897803        0.136587142742832E-02
   -0.365671907897803       -0.855901928697887       -0.365671907897803        0.136587142742832E-02
    0.855901928697887        0.365671907897803        0.365671907897803        0.136587142742832E-02
   -0.855901928697887        0.365671907897803        0.365671907897803        0.136587142742832E-02
    0.855901928697887       -0.365671907897803        0.365671907897803        0.136587142742832E-02
   -0.855901928697887       -0.365671907897803        0.365671907897803        0.136587142742832E-02
    0.855901928697887        0.365671907897803       -0.365671907897803        0.136587142742832E-02
   -0.855901928697887        0.365671907897803       -0.365671907897803        0.136587142742832E-02
    0.855901928697887       -0.365671907897803       -0.365671907897803        0.136587142742832E-02
   -0.855901928697887       -0.365671907897803       -0.365671907897803        0.136587142742832E-02
    0.442826488671347        0.442826488671347        0.779621319527635        0.140298860477533E-02
   -0.442826488671347        0.442826488671347        0.779621319527635        0.140298860477533E-02
    0.442826488671347       -0.442826488671347        0.779621319527635        0.140298860477533E-02
   -0.442826488671347       -0.442826488671347        0.779621319527635        0.140298860477533E-02
    0.442826488671347        0.442826488671347       -0.779621319527635        0.140298860477533E-02
   -0.442826488671347        0.442826488671347       -0.779621319527635        0.140298860477533E-02
    0.442826488671347       -0.442826488671347       -0.779621319527635        0.140298860477533E-02
   -0.442826488671347       -0.442826488671347       -0.779621319527635        0.140298860477533E-02
    0.442826488671347        0.779621319527635        0.442826488671347        0.140298860477533E-02
   -0.442826488671347        0.779621319527635        0.442826488671347        0.140298860477533E-02
    0.442826488671347       -0.779621319527635        0.442826488671347        0.140298860477533E-02
   -0.442826488671347       -0.779621319527635        0.442826488671347        0.140298860477533E-02
    0.442826488671347        0.779621319527635       -0.442826488671347        0.140298860477533E-02
   -0.442826488671347        0.779621319527635       -0.442826488671347        0.140298860477533E-02
    0.442826488671347       -0.779621319527635       -0.442826488671347        0.140298860477533E-02
   -0.442826488671347       -0.779621319527635       -0.442826488671347        0.140298860477533E-02
    0.779621319527635        0.442826488671347        0.442826488671347        0.140298860477533E-02
   -0.779621319527635        0.442826488671347        0.442826488671347        0.140298860477533E-02
    0.779621319527635       -0.442826488671347        0.442826488671347        0.140298860477533E-02
   -0.779621319527635       -0.442826488671347        0.442826488671347        0.140298860477533E-02
    0.779621319527635        0.442826488671347       -0.442826488671347        0.140298860477533E-02
   -0.779621319527635        0.442826488671347       -0.442826488671347        0.140298860477533E-02
    0.779621319527635       -0.442826488671347       -0.442826488671347        0.140298860477533E-02
   -0.779621319527635       -0.442826488671347       -0.442826488671347        0.140298860477533E-02
    0.514061962724974        0.514061962724974        0.686644447264154        0.141864556359561E-02
   -0.514061962724974        0.514061962724974        0.686644447264154        0.141864556359561E-02
    0.514061962724974       -0.514061962724974        0.686644447264154        0.141864556359561E-02
   -0.514061962724974       -0.514061962724974        0.686644447264154        0.141864556359561E-02
    0.514061962724974        0.514061962724974       -0.686644447264154        0.141864556359561E-02
   -0.514061962724974        0.514061962724974       -0.686644447264154        0.141864556359561E-02
    0.514061962724974       -0.514061962724974       -0.686644447264154        0.141864556359561E-02
   -0.514061962724974       -0.514061962724974       -0.686644447264154        0.141864556359561E-02
    0.514061962724974        0.686644447264154        0.514061962724974        0.141864556359561E-02
   -0.514061962724974        0.686644447264154        0.514061962724974        0.141864556359561E-02
    0.514061962724974       -0.686644447264154        0.514061962724974        0.141864556359561E-02
   -0.514061962724974       -0.686644447264154        0.514061962724974        0.141864556359561E-02
    0.514061962724974        0.686644447264154       -0.514061962724974        0.141864556359561E-02
   -0.514061962724974        0.686644447264154       -0.514061962724974        0.141864556359561E-02
    0.514061962724974       -0.686644447264154       -0.514061962724974        0.141864556359561E-02
   -0.514061962724974       -0.686644447264154       -0.514061962724974        0.141864556359561E-02
    0.686644447264154        0.514061962724974        0.514061962724974        0.141864556359561E-02
   -0.686644447264154        0.514061962724974        0.514061962724974        0.141864556359561E-02
    0.686644447264154       -0.514061962724974        0.514061962724974        0.141864556359561E-02
   -0.686644447264154       -0.514061962724974        0.514061962724974        0.141864556359561E-02
    0.686644447264154        0.514061962724974       -0.514061962724974        0.141864556359561E-02
   -0.686644447264154        0.514061962724974       -0.514061962724974        0.141864556359561E-02
    0.686644447264154       -0.514061962724974       -0.514061962724974        0.141864556359561E-02
   -0.686644447264154       -0.514061962724974       -0.514061962724974        0.141864556359561E-02
    0.630640121916680        0.630640121916680        0.452311920313658        0.142137674185166E-02
   -0.630640121916680        0.630640121916680        0.452311920313658        0.142137674185166E-02
    0.630640121916680       -0.630640121916680        0.452311920313658        0.142137674185166E-02
   -0.630640121916680       -0.630640121916680        0.452311920313658        0.142137674185166E-02
    0.630640121916680        0.630640121916680       -0.452311920313658        0.142137674185166E-02
   -0.630640121916680        0.630640121916680       -0.452311920313658        0.142137674185166E-02
    0.630640121916680       -0.630640121916680       -0.452311920313658        0.142137674185166E-02
   -0.630640121916680       -0.630640121916680       -0.452311920313658        0.142137674185166E-02
    0.630640121916680        0.452311920313658        0.630640121916680        0.142137674185166E-02
   -0.630640121916680        0.452311920313658        0.630640121916680        0.142137674185166E-02
    0.630640121916680       -0.452311920313658        0.630640121916680        0.142137674185166E-02
   -0.630640121916680       -0.452311920313658        0.630640121916680        0.142137674185166E-02
    0.630640121916680        0.452311920313658       -0.630640121916680        0.142137674185166E-02
   -0.630640121916680        0.452311920313658       -0.630640121916680        0.142137674185166E-02
    0.630640121916680       -0.452311920313658       -0.630640121916680        0.142137674185166E-02
   -0.630640121916680       -0.452311920313658       -0.630640121916680        0.142137674185166E-02
    0.452311920313658        0.630640121916680        0.630640121916680        0.142137674185166E-02
   -0.452311920313658        0.630640121916680        0.630640121916680        0.142137674185166E-02
    0.452311920313658       -0.630640121916680        0.630640121916680        0.142137674185166E-02
   -0.452311920313658       -0.630640121916680        0.630640121916680        0.142137674185166E-02
    0.452311920313658        0.630640121916680       -0.630640121916680        0.142137674185166E-02
   -0.452311920313658        0.630640121916680       -0.630640121916680        0.142137674185166E-02
    0.452311920313658       -0.630640121916680       -0.630640121916680        0.142137674185166E-02
   -0.452311920313658       -0.630640121916680       -0.630640121916680        0.142137674185166E-02
    0.671688333202261        0.671688333202261        0.312521305001653        0.142399647549096E-02
   -0.671688333202261        0.671688333202261        0.312521305001653        0.142399647549096E-02
    0.671688333202261       -0.671688333202261        0.312521305001653        0.142399647549096E-02
   -0.671688333202261       -0.671688333202261        0.312521305001653        0.142399647549096E-02
    0.671688333202261        0.671688333202261       -0.312521305001653        0.142399647549096E-02
   -0.671688333202261        0.671688333202261       -0.312521305001653        0.142399647549096E-02
    0.671688333202261       -0.671688333202261       -0.312521305001653        0.142399647549096E-02
   -0.671688333202261       -0.671688333202261       -0.312521305001653        0.142399647549096E-02
    0.671688333202261        0.312521305001653        0.671688333202261        0.142399647549096E-02
   -0.671688333202261        0.312521305001653        0.671688333202261        0.142399647549096E-02
    0.671688333202261       -0.312521305001653        0.671688333202261        0.142399647549096E-02
   -0.671688333202261       -0.312521305001653        0.671688333202261        0.142399647549096E-02
    0.671688333202261        0.312521305001653       -0.671688333202261        0.142399647549096E-02
   -0.671688333202261        0.312521305001653       -0.671688333202261        0.142399647549096E-02
    0.671688333202261       -0.312521305001653       -0.671688333202261        0.142399647549096E-02
   -0.671688333202261       -0.312521305001653       -0.671688333202261        0.142399647549096E-02
    0.312521305001653        0.671688333202261        0.671688333202261        0.142399647549096E-02
   -0.312521305001653        0.671688333202261        0.671688333202261        0.142399647549096E-02
    0.312521305001653       -0.671688333202261        0.671688333202261        0.142399647549096E-02
   -0.312521305001653       -0.671688333202261        0.671688333202261        0.142399647549096E-02
    0.312521305001653        0.671688333202261       -0.671688333202261        0.142399647549096E-02
   -0.312521305001653        0.671688333202261       -0.671688333202261        0.142399647549096E-02
    0.312521305001653       -0.671688333202261       -0.671688333202261        0.142399647549096E-02
   -0.312521305001653       -0.671688333202261       -0.671688333202261        0.142399647549096E-02
    0.697979268533688        0.697979268533688        0.160155803498829        0.143155404217857E-02
   -0.697979268533688        0.697979268533688        0.160155803498829        0.143155404217857E-02
    0.697979268533688       -0.697979268533688        0.160155803498829        0.143155404217857E-02
   -0.697979268533688       -0.697979268533688        0.160155803498829        0.143155404217857E-02
    0.697979268533688        0.697979268533688       -0.160155803498829        0.143155404217857E-02
   -0.697979268533688        0.697979268533688       -0.160155803498829        0.143155404217857E-02
    0.697979268533688       -0.697979268533688       -0.160155803498829        0.143155404217857E-02
   -0.697979268533688       -0.697979268533688       -0.160155803498829        0.143155404217857E-02
    0.697979268533688        0.160155803498829        0.697979268533688        0.143155404217857E-02
   -0.697979268533688        0.160155803498829        0.697979268533688        0.143155404217857E-02
    0.697979268533688       -0.160155803498829        0.697979268533688        0.143155404217857E-02
   -0.697979268533688       -0.160155803498829        0.697979268533688        0.143155404217857E-02
    0.697979268533688        0.160155803498829       -0.697979268533688        0.143155404217857E-02
   -0.697979268533688        0.160155803498829       -0.697979268533688        0.143155404217857E-02
    0.697979268533688       -0.160155803498829       -0.697979268533688        0.143155404217857E-02
   -0.697979268533688       -0.160155803498829       -0.697979268533688        0.143155404217857E-02
    0.160155803498829        0.697979268533688        0.697979268533688        0.143155404217857E-02
   -0.160155803498829        0.697979268533688        0.697979268533688        0.143155404217857E-02
    0.160155803498829       -0.697979268533688        0.697979268533688        0.143155404217857E-02
   -0.160155803498829       -0.697979268533688        0.697979268533688        0.143155404217857E-02
    0.160155803498829        0.697979268533688       -0.697979268533688        0.143155404217857E-02
   -0.160155803498829        0.697979268533688       -0.697979268533688        0.143155404217857E-02
    0.160155803498829       -0.697979268533688       -0.697979268533688        0.143155404217857E-02
   -0.160155803498829       -0.697979268533688       -0.697979268533688        0.143155404217857E-02
    0.144686567419531        0.989477537495599         0.00000000000000        0.925440149986537E-03
   -0.144686567419531        0.989477537495599         0.00000000000000        0.925440149986537E-03
    0.144686567419531       -0.989477537495599         0.00000000000000        0.925440149986537E-03
   -0.144686567419531       -0.989477537495599         0.00000000000000        0.925440149986537E-03
    0.989477537495599        0.144686567419531         0.00000000000000        0.925440149986537E-03
   -0.989477537495599        0.144686567419531         0.00000000000000        0.925440149986537E-03
    0.989477537495599       -0.144686567419531         0.00000000000000        0.925440149986537E-03
   -0.989477537495599       -0.144686567419531         0.00000000000000        0.925440149986537E-03
    0.144686567419531         0.00000000000000        0.989477537495599        0.925440149986537E-03
   -0.144686567419531         0.00000000000000        0.989477537495599        0.925440149986537E-03
    0.144686567419531         0.00000000000000       -0.989477537495599        0.925440149986537E-03
   -0.144686567419531         0.00000000000000       -0.989477537495599        0.925440149986537E-03
    0.989477537495599         0.00000000000000        0.144686567419531        0.925440149986537E-03
   -0.989477537495599         0.00000000000000        0.144686567419531        0.925440149986537E-03
    0.989477537495599         0.00000000000000       -0.144686567419531        0.925440149986537E-03
   -0.989477537495599         0.00000000000000       -0.144686567419531        0.925440149986537E-03
     0.00000000000000        0.144686567419531        0.989477537495599        0.925440149986537E-03
     0.00000000000000       -0.144686567419531        0.989477537495599        0.925440149986537E-03
     0.00000000000000        0.144686567419531       -0.989477537495599        0.925440149986537E-03
     0.00000000000000       -0.144686567419531       -0.989477537495599        0.925440149986537E-03
     0.00000000000000        0.989477537495599        0.144686567419531        0.925440149986537E-03
     0.00000000000000       -0.989477537495599        0.144686567419531        0.925440149986537E-03
     0.00000000000000        0.989477537495599       -0.144686567419531        0.925440149986537E-03
     0.00000000000000       -0.989477537495599       -0.144686567419531        0.925440149986537E-03
    0.339026347541122        0.940776878793759         0.00000000000000        0.125023999505351E-02
   -0.339026347541122        0.940776878793759         0.00000000000000        0.125023999505351E-02
    0.339026347541122       -0.940776878793759         0.00000000000000        0.125023999505351E-02
   -0.339026347541122       -0.940776878793759         0.00000000000000        0.125023999505351E-02
    0.940776878793759        0.339026347541122         0.00000000000000        0.125023999505351E-02
   -0.940776878793759        0.339026347541122         0.00000000000000        0.125023999505351E-02
    0.940776878793759       -0.339026347541122         0.00000000000000        0.125023999505351E-02
   -0.940776878793759       -0.339026347541122         0.00000000000000        0.125023999505351E-02
    0.339026347541122         0.00000000000000        0.940776878793759        0.125023999505351E-02
   -0.339026347541122         0.00000000000000        0.940776878793759        0.125023999505351E-02
    0.339026347541122         0.00000000000000       -0.940776878793759        0.125023999505351E-02
   -0.339026347541122         0.00000000000000       -0.940776878793759        0.125023999505351E-02
    0.940776878793759         0.00000000000000        0.339026347541122        0.125023999505351E-02
   -0.940776878793759         0.00000000000000        0.339026347541122        0.125023999505351E-02
    0.940776878793759         0.00000000000000       -0.339026347541122        0.125023999505351E-02
   -0.940776878793759         0.00000000000000       -0.339026347541122        0.125023999505351E-02
     0.00000000000000        0.339026347541122        0.940776878793759        0.125023999505351E-02
     0.00000000000000       -0.339026347541122        0.940776878793759        0.125023999505351E-02
     0.00000000000000        0.339026347541122       -0.940776878793759        0.125023999505351E-02
     0.00000000000000       -0.339026347541122       -0.940776878793759        0.125023999505351E-02
     0.00000000000000        0.940776878793759        0.339026347541122        0.125023999505351E-02
     0.00000000000000       -0.940776878793759        0.339026347541122        0.125023999505351E-02
     0.00000000000000        0.940776878793759       -0.339026347541122        0.125023999505351E-02
     0.00000000000000       -0.940776878793759       -0.339026347541122        0.125023999505351E-02
    0.533580465126351        0.845749305193653         0.00000000000000        0.139436584332923E-02
   -0.533580465126351        0.845749305193653         0.00000000000000        0.139436584332923E-02
    0.533580465126351       -0.845749305193653         0.00000000000000        0.139436584332923E-02
   -0.533580465126351       -0.845749305193653         0.00000000000000        0.139436584332923E-02
    0.845749305193653        0.533580465126351         0.00000000000000        0.139436584332923E-02
   -0.845749305193653        0.533580465126351         0.00000000000000        0.139436584332923E-02
    0.845749305193653       -0.533580465126351         0.00000000000000        0.139436584332923E-02
   -0.845749305193653       -0.533580465126351         0.00000000000000        0.139436584332923E-02
    0.533580465126351         0.00000000000000        0.845749305193653        0.139436584332923E-02
   -0.533580465126351         0.00000000000000        0.845749305193653        0.139436584332923E-02
    0.533580465126351         0.00000000000000       -0.845749305193653        0.139436584332923E-02
   -0.533580465126351         0.00000000000000       -0.845749305193653        0.139436584332923E-02
    0.845749305193653         0.00000000000000        0.533580465126351        0.139436584332923E-02
   -0.845749305193653         0.00000000000000        0.533580465126351        0.139436584332923E-02
    0.845749305193653         0.00000000000000       -0.533580465126351        0.139436584332923E-02
   -0.845749305193653         0.00000000000000       -0.533580465126351        0.139436584332923E-02
     0.00000000000000        0.533580465126351        0.845749305193653        0.139436584332923E-02
     0.00000000000000       -0.533580465126351        0.845749305193653        0.139436584332923E-02
     0.00000000000000        0.533580465126351       -0.845749305193653        0.139436584332923E-02
     0.00000000000000       -0.533580465126351       -0.845749305193653        0.139436584332923E-02
     0.00000000000000        0.845749305193653        0.533580465126351        0.139436584332923E-02
     0.00000000000000       -0.845749305193653        0.533580465126351        0.139436584332923E-02
     0.00000000000000        0.845749305193653       -0.533580465126351        0.139436584332923E-02
     0.00000000000000       -0.845749305193653       -0.533580465126351        0.139436584332923E-02
    0.694402439334941E-01    0.235518789424233        0.969385863498432        0.112708909467175E-02
   -0.694402439334941E-01    0.235518789424233        0.969385863498432        0.112708909467175E-02
    0.694402439334941E-01   -0.235518789424233        0.969385863498432        0.112708909467175E-02
   -0.694402439334941E-01   -0.235518789424233        0.969385863498432        0.112708909467175E-02
    0.694402439334941E-01    0.235518789424233       -0.969385863498432        0.112708909467175E-02
   -0.694402439334941E-01    0.235518789424233       -0.969385863498432        0.112708909467175E-02
    0.694402439334941E-01   -0.235518789424233       -0.969385863498432        0.112708909467175E-02
   -0.694402439334941E-01   -0.235518789424233       -0.969385863498432        0.112708909467175E-02
    0.694402439334941E-01    0.969385863498432        0.235518789424233        0.112708909467175E-02
   -0.694402439334941E-01    0.969385863498432        0.235518789424233        0.112708909467175E-02
    0.694402439334941E-01   -0.969385863498432        0.235518789424233        0.112708909467175E-02
   -0.694402439334941E-01   -0.969385863498432        0.235518789424233        0.112708909467175E-02
    0.694402439334941E-01    0.969385863498432       -0.235518789424233        0.112708909467175E-02
   -0.694402439334941E-01    0.969385863498432       -0.235518789424233        0.112708909467175E-02
    0.694402439334941E-01   -0.969385863498432       -0.235518789424233        0.112708909467175E-02
   -0.694402439334941E-01   -0.969385863498432       -0.235518789424233        0.112708909467175E-02
    0.235518789424233        0.694402439334941E-01    0.969385863498432        0.112708909467175E-02
   -0.235518789424233        0.694402439334941E-01    0.969385863498432        0.112708909467175E-02
    0.235518789424233       -0.694402439334941E-01    0.969385863498432        0.112708909467175E-02
   -0.235518789424233       -0.694402439334941E-01    0.969385863498432        0.112708909467175E-02
    0.235518789424233        0.694402439334941E-01   -0.969385863498432        0.112708909467175E-02
   -0.235518789424233        0.694402439334941E-01   -0.969385863498432        0.112708909467175E-02
    0.235518789424233       -0.694402439334941E-01   -0.969385863498432        0.112708909467175E-02
   -0.235518789424233       -0.694402439334941E-01   -0.969385863498432        0.112708909467175E-02
    0.235518789424233        0.969385863498432        0.694402439334941E-01    0.112708909467175E-02
   -0.235518789424233        0.969385863498432        0.694402439334941E-01    0.112708909467175E-02
    0.235518789424233       -0.969385863498432        0.694402439334941E-01    0.112708909467175E-02
   -0.235518789424233       -0.969385863498432        0.694402439334941E-01    0.112708909467175E-02
    0.235518789424233        0.969385863498432       -0.694402439334941E-01    0.112708909467175E-02
   -0.235518789424233        0.969385863498432       -0.694402439334941E-01    0.112708909467175E-02
    0.235518789424233       -0.969385863498432       -0.694402439334941E-01    0.112708909467175E-02
   -0.235518789424233       -0.969385863498432       -0.694402439334941E-01    0.112708909467175E-02
    0.969385863498432        0.694402439334941E-01    0.235518789424233        0.112708909467175E-02
   -0.969385863498432        0.694402439334941E-01    0.235518789424233        0.112708909467175E-02
    0.969385863498432       -0.694402439334941E-01    0.235518789424233        0.112708909467175E-02
   -0.969385863498432       -0.694402439334941E-01    0.235518789424233        0.112708909467175E-02
    0.969385863498432        0.694402439334941E-01   -0.235518789424233        0.112708909467175E-02
   -0.969385863498432        0.694402439334941E-01   -0.235518789424233        0.112708909467175E-02
    0.969385863498432       -0.694402439334941E-01   -0.235518789424233        0.112708909467175E-02
   -0.969385863498432       -0.694402439334941E-01   -0.235518789424233        0.112708909467175E-02
    0.969385863498432        0.235518789424233        0.694402439334941E-01    0.112708909467175E-02
   -0.969385863498432        0.235518789424233        0.694402439334941E-01    0.112708909467175E-02
    0.969385863498432       -0.235518789424233        0.694402439334941E-01    0.112708909467175E-02
   -0.969385863498432       -0.235518789424233        0.694402439334941E-01    0.112708909467175E-02
    0.969385863498432        0.235518789424233       -0.694402439334941E-01    0.112708909467175E-02
   -0.969385863498432        0.235518789424233       -0.694402439334941E-01    0.112708909467175E-02
    0.969385863498432       -0.235518789424233       -0.694402439334941E-01    0.112708909467175E-02
   -0.969385863498432       -0.235518789424233       -0.694402439334941E-01    0.112708909467175E-02
    0.226900410952946        0.410218247404573        0.883310360522113        0.134575376091067E-02
   -0.226900410952946        0.410218247404573        0.883310360522113        0.134575376091067E-02
    0.226900410952946       -0.410218247404573        0.883310360522113        0.134575376091067E-02
   -0.226900410952946       -0.410218247404573        0.883310360522113        0.134575376091067E-02
    0.226900410952946        0.410218247404573       -0.883310360522113        0.134575376091067E-02
   -0.226900410952946        0.410218247404573       -0.883310360522113        0.134575376091067E-02
    0.226900410952946       -0.410218247404573       -0.883310360522113        0.134575376091067E-02
   -0.226900410952946       -0.410218247404573       -0.883310360522113        0.134575376091067E-02
    0.226900410952946        0.883310360522113        0.410218247404573        0.134575376091067E-02
   -0.226900410952946        0.883310360522113        0.410218247404573        0.134575376091067E-02
    0.226900410952946       -0.883310360522113        0.410218247404573        0.134575376091067E-02
   -0.226900410952946       -0.883310360522113        0.410218247404573        0.134575376091067E-02
    0.226900410952946        0.883310360522113       -0.410218247404573        0.134575376091067E-02
   -0.226900410952946        0.883310360522113       -0.410218247404573        0.134575376091067E-02
    0.226900410952946       -0.883310360522113       -0.410218247404573        0.134575376091067E-02
   -0.226900410952946       -0.883310360522113       -0.410218247404573        0.134575376091067E-02
    0.410218247404573        0.226900410952946        0.883310360522113        0.134575376091067E-02
   -0.410218247404573        0.226900410952946        0.883310360522113        0.134575376091067E-02
    0.410218247404573       -0.226900410952946        0.883310360522113        0.134575376091067E-02
   -0.410218247404573       -0.226900410952946        0.883310360522113        0.134575376091067E-02
    0.410218247404573        0.226900410952946       -0.883310360522113        0.134575376091067E-02
   -0.410218247404573        0.226900410952946       -0.883310360522113        0.134575376091067E-02
    0.410218247404573       -0.226900410952946       -0.883310360522113        0.134575376091067E-02
   -0.410218247404573       -0.226900410952946       -0.883310360522113        0.134575376091067E-02
    0.410218247404573        0.883310360522113        0.226900410952946        0.134575376091067E-02
   -0.410218247404573        0.883310360522113        0.226900410952946        0.134575376091067E-02
    0.410218247404573       -0.883310360522113        0.226900410952946        0.134575376091067E-02
   -0.410218247404573       -0.883310360522113        0.226900410952946        0.134575376091067E-02
    0.410218247404573        0.883310360522113       -0.226900410952946        0.134575376091067E-02
   -0.410218247404573        0.883310360522113       -0.226900410952946        0.134575376091067E-02
    0.410218247404573       -0.883310360522113       -0.226900410952946        0.134575376091067E-02
   -0.410218247404573       -0.883310360522113       -0.226900410952946        0.134575376091067E-02
    0.883310360522113        0.226900410952946        0.410218247404573        0.134575376091067E-02
   -0.883310360522113        0.226900410952946        0.410218247404573        0.134575376091067E-02
    0.883310360522113       -0.226900410952946        0.410218247404573        0.134575376091067E-02
   -0.883310360522113       -0.226900410952946        0.410218247404573        0.134575376091067E-02
    0.883310360522113        0.226900410952946       -0.410218247404573        0.134575376091067E-02
   -0.883310360522113        0.226900410952946       -0.410218247404573        0.134575376091067E-02
    0.883310360522113       -0.226900410952946       -0.410218247404573        0.134575376091067E-02
   -0.883310360522113       -0.226900410952946       -0.410218247404573        0.134575376091067E-02
    0.883310360522113        0.410218247404573        0.226900410952946        0.134575376091067E-02
   -0.883310360522113        0.410218247404573        0.226900410952946        0.134575376091067E-02
    0.883310360522113       -0.410218247404573        0.226900410952946        0.134575376091067E-02
   -0.883310360522113       -0.410218247404573        0.226900410952946        0.134575376091067E-02
    0.883310360522113        0.410218247404573       -0.226900410952946        0.134575376091067E-02
   -0.883310360522113        0.410218247404573       -0.226900410952946        0.134575376091067E-02
    0.883310360522113       -0.410218247404573       -0.226900410952946        0.134575376091067E-02
   -0.883310360522113       -0.410218247404573       -0.226900410952946        0.134575376091067E-02
    0.802557460777534E-01    0.621430241748161        0.779348105702661        0.142495728331678E-02
   -0.802557460777534E-01    0.621430241748161        0.779348105702661        0.142495728331678E-02
    0.802557460777534E-01   -0.621430241748161        0.779348105702661        0.142495728331678E-02
   -0.802557460777534E-01   -0.621430241748161        0.779348105702661        0.142495728331678E-02
    0.802557460777534E-01    0.621430241748161       -0.779348105702661        0.142495728331678E-02
   -0.802557460777534E-01    0.621430241748161       -0.779348105702661        0.142495728331678E-02
    0.802557460777534E-01   -0.621430241748161       -0.779348105702661        0.142495728331678E-02
   -0.802557460777534E-01   -0.621430241748161       -0.779348105702661        0.142495728331678E-02
    0.802557460777534E-01    0.779348105702661        0.621430241748161        0.142495728331678E-02
   -0.802557460777534E-01    0.779348105702661        0.621430241748161        0.142495728331678E-02
    0.802557460777534E-01   -0.779348105702661        0.621430241748161        0.142495728331678E-02
   -0.802557460777534E-01   -0.779348105702661        0.621430241748161        0.142495728331678E-02
    0.802557460777534E-01    0.779348105702661       -0.621430241748161        0.142495728331678E-02
   -0.802557460777534E-01    0.779348105702661       -0.621430241748161        0.142495728331678E-02
    0.802557460777534E-01   -0.779348105702661       -0.621430241748161        0.142495728331678E-02
   -0.802557460777534E-01   -0.779348105702661       -0.621430241748161        0.142495728331678E-02
    0.621430241748161        0.802557460777534E-01    0.779348105702661        0.142495728331678E-02
   -0.621430241748161        0.802557460777534E-01    0.779348105702661        0.142495728331678E-02
    0.621430241748161       -0.802557460777534E-01    0.779348105702661        0.142495728331678E-02
   -0.621430241748161       -0.802557460777534E-01    0.779348105702661        0.142495728331678E-02
    0.621430241748161        0.802557460777534E-01   -0.779348105702661        0.142495728331678E-02
   -0.621430241748161        0.802557460777534E-01   -0.779348105702661        0.142495728331678E-02
    0.621430241748161       -0.802557460777534E-01   -0.779348105702661        0.142495728331678E-02
   -0.621430241748161       -0.802557460777534E-01   -0.779348105702661        0.142495728331678E-02
    0.621430241748161        0.779348105702661        0.802557460777534E-01    0.142495728331678E-02
   -0.621430241748161        0.779348105702661        0.802557460777534E-01    0.142495728331678E-02
    0.621430241748161       -0.779348105702661        0.802557460777534E-01    0.142495728331678E-02
   -0.621430241748161       -0.779348105702661        0.802557460777534E-01    0.142495728331678E-02
    0.621430241748161        0.779348105702661       -0.802557460777534E-01    0.142495728331678E-02
   -0.621430241748161        0.779348105702661       -0.802557460777534E-01    0.142495728331678E-02
    0.621430241748161       -0.779348105702661       -0.802557460777534E-01    0.142495728331678E-02
   -0.621430241748161       -0.779348105702661       -0.802557460777534E-01    0.142495728331678E-02
    0.779348105702661        0.802557460777534E-01    0.621430241748161        0.142495728331678E-02
   -0.779348105702661        0.802557460777534E-01    0.621430241748161        0.142495728331678E-02
    0.779348105702661       -0.802557460777534E-01    0.621430241748161        0.142495728331678E-02
   -0.779348105702661       -0.802557460777534E-01    0.621430241748161        0.142495728331678E-02
    0.779348105702661        0.802557460777534E-01   -0.621430241748161        0.142495728331678E-02
   -0.779348105702661        0.802557460777534E-01   -0.621430241748161        0.142495728331678E-02
    0.779348105702661       -0.802557460777534E-01   -0.621430241748161        0.142495728331678E-02
   -0.779348105702661       -0.802557460777534E-01   -0.621430241748161        0.142495728331678E-02
    0.779348105702661        0.621430241748161        0.802557460777534E-01    0.142495728331678E-02
   -0.779348105702661        0.621430241748161        0.802557460777534E-01    0.142495728331678E-02
    0.779348105702661       -0.621430241748161        0.802557460777534E-01    0.142495728331678E-02
   -0.779348105702661       -0.621430241748161        0.802557460777534E-01    0.142495728331678E-02
    0.779348105702661        0.621430241748161       -0.802557460777534E-01    0.142495728331678E-02
   -0.779348105702661        0.621430241748161       -0.802557460777534E-01    0.142495728331678E-02
    0.779348105702661       -0.621430241748161       -0.802557460777534E-01    0.142495728331678E-02
   -0.779348105702661       -0.621430241748161       -0.802557460777534E-01    0.142495728331678E-02
    0.146799952789657        0.324528434571739        0.934414827052402        0.126152334123775E-02
   -0.146799952789657        0.324528434571739        0.934414827052402        0.126152334123775E-02
    0.146799952789657       -0.324528434571739        0.934414827052402        0.126152334123775E-02
   -0.146799952789657       -0.324528434571739        0.934414827052402        0.126152334123775E-02
    0.146799952789657        0.324528434571739       -0.934414827052402        0.126152334123775E-02
   -0.146799952789657        0.324528434571739       -0.934414827052402        0.126152334123775E-02
    0.146799952789657       -0.324528434571739       -0.934414827052402        0.126152334123775E-02
   -0.146799952789657       -0.324528434571739       -0.934414827052402        0.126152334123775E-02
    0.146799952789657        0.934414827052402        0.324528434571739        0.126152334123775E-02
   -0.146799952789657        0.934414827052402        0.324528434571739        0.126152334123775E-02
    0.146799952789657       -0.934414827052402        0.324528434571739        0.126152334123775E-02
   -0.146799952789657       -0.934414827052402        0.324528434571739        0.126152334123775E-02
    0.146799952789657        0.934414827052402       -0.324528434571739        0.126152334123775E-02
   -0.146799952789657        0.934414827052402       -0.324528434571739        0.126152334123775E-02
    0.146799952789657       -0.934414827052402       -0.324528434571739        0.126152334123775E-02
   -0.146799952789657       -0.934414827052402       -0.324528434571739        0.126152334123775E-02
    0.324528434571739        0.146799952789657        0.934414827052402        0.126152334123775E-02
   -0.324528434571739        0.146799952789657        0.934414827052402        0.126152334123775E-02
    0.324528434571739       -0.146799952789657        0.934414827052402        0.126152334123775E-02
   -0.324528434571739       -0.146799952789657        0.934414827052402        0.126152334123775E-02
    0.324528434571739        0.146799952789657       -0.934414827052402        0.126152334123775E-02
   -0.324528434571739        0.146799952789657       -0.934414827052402        0.126152334123775E-02
    0.324528434571739       -0.146799952789657       -0.934414827052402        0.126152334123775E-02
   -0.324528434571739       -0.146799952789657       -0.934414827052402        0.126152334123775E-02
    0.324528434571739        0.934414827052402        0.146799952789657        0.126152334123775E-02
   -0.324528434571739        0.934414827052402        0.146799952789657        0.126152334123775E-02
    0.324528434571739       -0.934414827052402        0.146799952789657        0.126152334123775E-02
   -0.324528434571739       -0.934414827052402        0.146799952789657        0.126152334123775E-02
    0.324528434571739        0.934414827052402       -0.146799952789657        0.126152334123775E-02
   -0.324528434571739        0.934414827052402       -0.146799952789657        0.126152334123775E-02
    0.324528434571739       -0.934414827052402       -0.146799952789657        0.126152334123775E-02
   -0.324528434571739       -0.934414827052402       -0.146799952789657        0.126152334123775E-02
    0.934414827052402        0.146799952789657        0.324528434571739        0.126152334123775E-02
   -0.934414827052402        0.146799952789657        0.324528434571739        0.126152334123775E-02
    0.934414827052402       -0.146799952789657        0.324528434571739        0.126152334123775E-02
   -0.934414827052402       -0.146799952789657        0.324528434571739        0.126152334123775E-02
    0.934414827052402        0.146799952789657       -0.324528434571739        0.126152334123775E-02
   -0.934414827052402        0.146799952789657       -0.324528434571739        0.126152334123775E-02
    0.934414827052402       -0.146799952789657       -0.324528434571739        0.126152334123775E-02
   -0.934414827052402       -0.146799952789657       -0.324528434571739        0.126152334123775E-02
    0.934414827052402        0.324528434571739        0.146799952789657        0.126152334123775E-02
   -0.934414827052402        0.324528434571739        0.146799952789657        0.126152334123775E-02
    0.934414827052402       -0.324528434571739        0.146799952789657        0.126152334123775E-02
   -0.934414827052402       -0.324528434571739        0.146799952789657        0.126152334123775E-02
    0.934414827052402        0.324528434571739       -0.146799952789657        0.126152334123775E-02
   -0.934414827052402        0.324528434571739       -0.146799952789657        0.126152334123775E-02
    0.934414827052402       -0.324528434571739       -0.146799952789657        0.126152334123775E-02
   -0.934414827052402       -0.324528434571739       -0.146799952789657        0.126152334123775E-02
    0.157150776982473        0.522448218969663        0.838064133458312        0.139254710605270E-02
   -0.157150776982473        0.522448218969663        0.838064133458312        0.139254710605270E-02
    0.157150776982473       -0.522448218969663        0.838064133458312        0.139254710605270E-02
   -0.157150776982473       -0.522448218969663        0.838064133458312        0.139254710605270E-02
    0.157150776982473        0.522448218969663       -0.838064133458312        0.139254710605270E-02
   -0.157150776982473        0.522448218969663       -0.838064133458312        0.139254710605270E-02
    0.157150776982473       -0.522448218969663       -0.838064133458312        0.139254710605270E-02
   -0.157150776982473       -0.522448218969663       -0.838064133458312        0.139254710605270E-02
    0.157150776982473        0.838064133458312        0.522448218969663        0.139254710605270E-02
   -0.157150776982473        0.838064133458312        0.522448218969663        0.139254710605270E-02
    0.157150776982473       -0.838064133458312        0.522448218969663        0.139254710605270E-02
   -0.157150776982473       -0.838064133458312        0.522448218969663        0.139254710605270E-02
    0.157150776982473        0.838064133458312       -0.522448218969663        0.139254710605270E-02
   -0.157150776982473        0.838064133458312       -0.522448218969663        0.139254710605270E-02
    0.157150776982473       -0.838064133458312       -0.522448218969663        0.139254710605270E-02
   -0.157150776982473       -0.838064133458312       -0.522448218969663        0.139254710605270E-02
    0.522448218969663        0.157150776982473        0.838064133458312        0.139254710605270E-02
   -0.522448218969663        0.157150776982473        0.838064133458312        0.139254710605270E-02
    0.522448218969663       -0.157150776982473        0.838064133458312        0.139254710605270E-02
   -0.522448218969663       -0.157150776982473        0.838064133458312        0.139254710605270E-02
    0.522448218969663        0.157150776982473       -0.838064133458312        0.139254710605270E-02
   -0.522448218969663        0.157150776982473       -0.838064133458312        0.139254710605270E-02
    0.522448218969663       -0.157150776982473       -0.838064133458312        0.139254710605270E-02
   -0.522448218969663       -0.157150776982473       -0.838064133458312        0.139254710605270E-02
    0.522448218969663        0.838064133458312        0.157150776982473        0.139254710605270E-02
   -0.522448218969663        0.838064133458312        0.157150776982473        0.139254710605270E-02
    0.522448218969663       -0.838064133458312        0.157150776982473        0.139254710605270E-02
   -0.522448218969663       -0.838064133458312        0.157150776982473        0.139254710605270E-02
    0.522448218969663        0.838064133458312       -0.157150776982473        0.139254710605270E-02
   -0.522448218969663        0.838064133458312       -0.157150776982473        0.139254710605270E-02
    0.522448218969663       -0.838064133458312       -0.157150776982473        0.139254710605270E-02
   -0.522448218969663       -0.838064133458312       -0.157150776982473        0.139254710605270E-02
    0.838064133458312        0.157150776982473        0.522448218969663        0.139254710605270E-02
   -0.838064133458312        0.157150776982473        0.522448218969663        0.139254710605270E-02
    0.838064133458312       -0.157150776982473        0.522448218969663        0.139254710605270E-02
   -0.838064133458312       -0.157150776982473        0.522448218969663        0.139254710605270E-02
    0.838064133458312        0.157150776982473       -0.522448218969663        0.139254710605270E-02
   -0.838064133458312        0.157150776982473       -0.522448218969663        0.139254710605270E-02
    0.838064133458312       -0.157150776982473       -0.522448218969663        0.139254710605270E-02
   -0.838064133458312       -0.157150776982473       -0.522448218969663        0.139254710605270E-02
    0.838064133458312        0.522448218969663        0.157150776982473        0.139254710605270E-02
   -0.838064133458312        0.522448218969663        0.157150776982473        0.139254710605270E-02
    0.838064133458312       -0.522448218969663        0.157150776982473        0.139254710605270E-02
   -0.838064133458312       -0.522448218969663        0.157150776982473        0.139254710605270E-02
    0.838064133458312        0.522448218969663       -0.157150776982473        0.139254710605270E-02
   -0.838064133458312        0.522448218969663       -0.157150776982473        0.139254710605270E-02
    0.838064133458312       -0.522448218969663       -0.157150776982473        0.139254710605270E-02
   -0.838064133458312       -0.522448218969663       -0.157150776982473        0.139254710605270E-02
    0.236570299315725        0.601754663408956        0.762840624604670        0.141876167787766E-02
   -0.236570299315725        0.601754663408956        0.762840624604670        0.141876167787766E-02
    0.236570299315725       -0.601754663408956        0.762840624604670        0.141876167787766E-02
   -0.236570299315725       -0.601754663408956        0.762840624604670        0.141876167787766E-02
    0.236570299315725        0.601754663408956       -0.762840624604670        0.141876167787766E-02
   -0.236570299315725        0.601754663408956       -0.762840624604670        0.141876167787766E-02
    0.236570299315725       -0.601754663408956       -0.762840624604670        0.141876167787766E-02
   -0.236570299315725       -0.601754663408956       -0.762840624604670        0.141876167787766E-02
    0.236570299315725        0.762840624604670        0.601754663408956        0.141876167787766E-02
   -0.236570299315725        0.762840624604670        0.601754663408956        0.141876167787766E-02
    0.236570299315725       -0.762840624604670        0.601754663408956        0.141876167787766E-02
   -0.236570299315725       -0.762840624604670        0.601754663408956        0.141876167787766E-02
    0.236570299315725        0.762840624604670       -0.601754663408956        0.141876167787766E-02
   -0.236570299315725        0.762840624604670       -0.601754663408956        0.141876167787766E-02
    0.236570299315725       -0.762840624604670       -0.601754663408956        0.141876167787766E-02
   -0.236570299315725       -0.762840624604670       -0.601754663408956        0.141876167787766E-02
    0.601754663408956        0.236570299315725        0.762840624604670        0.141876167787766E-02
   -0.601754663408956        0.236570299315725        0.762840624604670        0.141876167787766E-02
    0.601754663408956       -0.236570299315725        0.762840624604670        0.141876167787766E-02
   -0.601754663408956       -0.236570299315725        0.762840624604670        0.141876167787766E-02
    0.601754663408956        0.236570299315725       -0.762840624604670        0.141876167787766E-02
   -0.601754663408956        0.236570299315725       -0.762840624604670        0.141876167787766E-02
    0.601754663408956       -0.236570299315725       -0.762840624604670        0.141876167787766E-02
   -0.601754663408956       -0.236570299315725       -0.762840624604670        0.141876167787766E-02
    0.601754663408956        0.762840624604670        0.236570299315725        0.141876167787766E-02
   -0.601754663408956        0.762840624604670        0.236570299315725        0.141876167787766E-02
    0.601754663408956       -0.762840624604670        0.236570299315725        0.141876167787766E-02
   -0.601754663408956       -0.762840624604670        0.236570299315725        0.141876167787766E-02
    0.601754663408956        0.762840624604670       -0.236570299315725        0.141876167787766E-02
   -0.601754663408956        0.762840624604670       -0.236570299315725        0.141876167787766E-02
    0.601754663408956       -0.762840624604670       -0.236570299315725        0.141876167787766E-02
   -0.601754663408956       -0.762840624604670       -0.236570299315725        0.141876167787766E-02
    0.762840624604670        0.236570299315725        0.601754663408956        0.141876167787766E-02
   -0.762840624604670        0.236570299315725        0.601754663408956        0.141876167787766E-02
    0.762840624604670       -0.236570299315725        0.601754663408956        0.141876167787766E-02
   -0.762840624604670       -0.236570299315725        0.601754663408956        0.141876167787766E-02
    0.762840624604670        0.236570299315725       -0.601754663408956        0.141876167787766E-02
   -0.762840624604670        0.236570299315725       -0.601754663408956        0.141876167787766E-02
    0.762840624604670       -0.236570299315725       -0.601754663408956        0.141876167787766E-02
   -0.762840624604670       -0.236570299315725       -0.601754663408956        0.141876167787766E-02
    0.762840624604670        0.601754663408956        0.236570299315725        0.141876167787766E-02
   -0.762840624604670        0.601754663408956        0.236570299315725        0.141876167787766E-02
    0.762840624604670       -0.601754663408956        0.236570299315725        0.141876167787766E-02
   -0.762840624604670       -0.601754663408956        0.236570299315725        0.141876167787766E-02
    0.762840624604670        0.601754663408956       -0.236570299315725        0.141876167787766E-02
   -0.762840624604670        0.601754663408956       -0.236570299315725        0.141876167787766E-02
    0.762840624604670       -0.601754663408956       -0.236570299315725        0.141876167787766E-02
   -0.762840624604670       -0.601754663408956       -0.236570299315725        0.141876167787766E-02
    0.771481586676573E-01    0.434657551614116        0.897285336132833        0.133836668447955E-02
   -0.771481586676573E-01    0.434657551614116        0.897285336132833        0.133836668447955E-02
    0.771481586676573E-01   -0.434657551614116        0.897285336132833        0.133836668447955E-02
   -0.771481586676573E-01   -0.434657551614116        0.897285336132833        0.133836668447955E-02
    0.771481586676573E-01    0.434657551614116       -0.897285336132833        0.133836668447955E-02
   -0.771481586676573E-01    0.434657551614116       -0.897285336132833        0.133836668447955E-02
    0.771481586676573E-01   -0.434657551614116       -0.897285336132833        0.133836668447955E-02
   -0.771481586676573E-01   -0.434657551614116       -0.897285336132833        0.133836668447955E-02
    0.771481586676573E-01    0.897285336132833        0.434657551614116        0.133836668447955E-02
   -0.771481586676573E-01    0.897285336132833        0.434657551614116        0.133836668447955E-02
    0.771481586676573E-01   -0.897285336132833        0.434657551614116        0.133836668447955E-02
   -0.771481586676573E-01   -0.897285336132833        0.434657551614116        0.133836668447955E-02
    0.771481586676573E-01    0.897285336132833       -0.434657551614116        0.133836668447955E-02
   -0.771481586676573E-01    0.897285336132833       -0.434657551614116        0.133836668447955E-02
    0.771481586676573E-01   -0.897285336132833       -0.434657551614116        0.133836668447955E-02
   -0.771481586676573E-01   -0.897285336132833       -0.434657551614116        0.133836668447955E-02
    0.434657551614116        0.771481586676573E-01    0.897285336132833        0.133836668447955E-02
   -0.434657551614116        0.771481586676573E-01    0.897285336132833        0.133836668447955E-02
    0.434657551614116       -0.771481586676573E-01    0.897285336132833        0.133836668447955E-02
   -0.434657551614116       -0.771481586676573E-01    0.897285336132833        0.133836668447955E-02
    0.434657551614116        0.771481586676573E-01   -0.897285336132833        0.133836668447955E-02
   -0.434657551614116        0.771481586676573E-01   -0.897285336132833        0.133836668447955E-02
    0.434657551614116       -0.771481586676573E-01   -0.897285336132833        0.133836668447955E-02
   -0.434657551614116       -0.771481586676573E-01   -0.897285336132833        0.133836668447955E-02
    0.434657551614116        0.897285336132833        0.771481586676573E-01    0.133836668447955E-02
   -0.434657551614116        0.897285336132833        0.771481586676573E-01    0.133836668447955E-02
    0.434657551614116       -0.897285336132833        0.771481586676573E-01    0.133836668447955E-02
   -0.434657551614116       -0.897285336132833        0.771481586676573E-01    0.133836668447955E-02
    0.434657551614116        0.897285336132833       -0.771481586676573E-01    0.133836668447955E-02
   -0.434657551614116        0.897285336132833       -0.771481586676573E-01    0.133836668447955E-02
    0.434657551614116       -0.897285336132833       -0.771481586676573E-01    0.133836668447955E-02
   -0.434657551614116       -0.897285336132833       -0.771481586676573E-01    0.133836668447955E-02
    0.897285336132833        0.771481586676573E-01    0.434657551614116        0.133836668447955E-02
   -0.897285336132833        0.771481586676573E-01    0.434657551614116        0.133836668447955E-02
    0.897285336132833       -0.771481586676573E-01    0.434657551614116        0.133836668447955E-02
   -0.897285336132833       -0.771481586676573E-01    0.434657551614116        0.133836668447955E-02
    0.897285336132833        0.771481586676573E-01   -0.434657551614116        0.133836668447955E-02
   -0.897285336132833        0.771481586676573E-01   -0.434657551614116        0.133836668447955E-02
    0.897285336132833       -0.771481586676573E-01   -0.434657551614116        0.133836668447955E-02
   -0.897285336132833       -0.771481586676573E-01   -0.434657551614116        0.133836668447955E-02
    0.897285336132833        0.434657551614116        0.771481586676573E-01    0.133836668447955E-02
   -0.897285336132833        0.434657551614116        0.771481586676573E-01    0.133836668447955E-02
    0.897285336132833       -0.434657551614116        0.771481586676573E-01    0.133836668447955E-02
   -0.897285336132833       -0.434657551614116        0.771481586676573E-01    0.133836668447955E-02
    0.897285336132833        0.434657551614116       -0.771481586676573E-01    0.133836668447955E-02
   -0.897285336132833        0.434657551614116       -0.771481586676573E-01    0.133836668447955E-02
    0.897285336132833       -0.434657551614116       -0.771481586676573E-01    0.133836668447955E-02
   -0.897285336132833       -0.434657551614116       -0.771481586676573E-01    0.133836668447955E-02
    0.306293666621073        0.490882658903762        0.815609223203975        0.139370086267613E-02
   -0.306293666621073        0.490882658903762        0.815609223203975        0.139370086267613E-02
    0.306293666621073       -0.490882658903762        0.815609223203975        0.139370086267613E-02
   -0.306293666621073       -0.490882658903762        0.815609223203975        0.139370086267613E-02
    0.306293666621073        0.490882658903762       -0.815609223203975        0.139370086267613E-02
   -0.306293666621073        0.490882658903762       -0.815609223203975        0.139370086267613E-02
    0.306293666621073       -0.490882658903762       -0.815609223203975        0.139370086267613E-02
   -0.306293666621073       -0.490882658903762       -0.815609223203975        0.139370086267613E-02
    0.306293666621073        0.815609223203975        0.490882658903762        0.139370086267613E-02
   -0.306293666621073        0.815609223203975        0.490882658903762        0.139370086267613E-02
    0.306293666621073       -0.815609223203975        0.490882658903762        0.139370086267613E-02
   -0.306293666621073       -0.815609223203975        0.490882658903762        0.139370086267613E-02
    0.306293666621073        0.815609223203975       -0.490882658903762        0.139370086267613E-02
   -0.306293666621073        0.815609223203975       -0.490882658903762        0.139370086267613E-02
    0.306293666621073       -0.815609223203975       -0.490882658903762        0.139370086267613E-02
   -0.306293666621073       -0.815609223203975       -0.490882658903762        0.139370086267613E-02
    0.490882658903762        0.306293666621073        0.815609223203975        0.139370086267613E-02
   -0.490882658903762        0.306293666621073        0.815609223203975        0.139370086267613E-02
    0.490882658903762       -0.306293666621073        0.815609223203975        0.139370086267613E-02
   -0.490882658903762       -0.306293666621073        0.815609223203975        0.139370086267613E-02
    0.490882658903762        0.306293666621073       -0.815609223203975        0.139370086267613E-02
   -0.490882658903762        0.306293666621073       -0.815609223203975        0.139370086267613E-02
    0.490882658903762       -0.306293666621073       -0.815609223203975        0.139370086267613E-02
   -0.490882658903762       -0.306293666621073       -0.815609223203975        0.139370086267613E-02
    0.490882658903762        0.815609223203975        0.306293666621073        0.139370086267613E-02
   -0.490882658903762        0.815609223203975        0.306293666621073        0.139370086267613E-02
    0.490882658903762       -0.815609223203975        0.306293666621073        0.139370086267613E-02
   -0.490882658903762       -0.815609223203975        0.306293666621073        0.139370086267613E-02
    0.490882658903762        0.815609223203975       -0.306293666621073        0.139370086267613E-02
   -0.490882658903762        0.815609223203975       -0.306293666621073        0.139370086267613E-02
    0.490882658903762       -0.815609223203975       -0.306293666621073        0.139370086267613E-02
   -0.490882658903762       -0.815609223203975       -0.306293666621073        0.139370086267613E-02
    0.815609223203975        0.306293666621073        0.490882658903762        0.139370086267613E-02
   -0.815609223203975        0.306293666621073        0.490882658903762        0.139370086267613E-02
    0.815609223203975       -0.306293666621073        0.490882658903762        0.139370086267613E-02
   -0.815609223203975       -0.306293666621073        0.490882658903762        0.139370086267613E-02
    0.815609223203975        0.306293666621073       -0.490882658903762        0.139370086267613E-02
   -0.815609223203975        0.306293666621073       -0.490882658903762        0.139370086267613E-02
    0.815609223203975       -0.306293666621073       -0.490882658903762        0.139370086267613E-02
   -0.815609223203975       -0.306293666621073       -0.490882658903762        0.139370086267613E-02
    0.815609223203975        0.490882658903762        0.306293666621073        0.139370086267613E-02
   -0.815609223203975        0.490882658903762        0.306293666621073        0.139370086267613E-02
    0.815609223203975       -0.490882658903762        0.306293666621073        0.139370086267613E-02
   -0.815609223203975       -0.490882658903762        0.306293666621073        0.139370086267613E-02
    0.815609223203975        0.490882658903762       -0.306293666621073        0.139370086267613E-02
   -0.815609223203975        0.490882658903762       -0.306293666621073        0.139370086267613E-02
    0.815609223203975       -0.490882658903762       -0.306293666621073        0.139370086267613E-02
   -0.815609223203975       -0.490882658903762       -0.306293666621073        0.139370086267613E-02
    0.382247737952479        0.564876814909950        0.731300793659766        0.141591475746693E-02
   -0.382247737952479        0.564876814909950        0.731300793659766        0.141591475746693E-02
    0.382247737952479       -0.564876814909950        0.731300793659766        0.141591475746693E-02
   -0.382247737952479       -0.564876814909950        0.731300793659766        0.141591475746693E-02
    0.382247737952479        0.564876814909950       -0.731300793659766        0.141591475746693E-02
   -0.382247737952479        0.564876814909950       -0.731300793659766        0.141591475746693E-02
    0.382247737952479       -0.564876814909950       -0.731300793659766        0.141591475746693E-02
   -0.382247737952479       -0.564876814909950       -0.731300793659766        0.141591475746693E-02
    0.382247737952479        0.731300793659766        0.564876814909950        0.141591475746693E-02
   -0.382247737952479        0.731300793659766        0.564876814909950        0.141591475746693E-02
    0.382247737952479       -0.731300793659766        0.564876814909950        0.141591475746693E-02
   -0.382247737952479       -0.731300793659766        0.564876814909950        0.141591475746693E-02
    0.382247737952479        0.731300793659766       -0.564876814909950        0.141591475746693E-02
   -0.382247737952479        0.731300793659766       -0.564876814909950        0.141591475746693E-02
    0.382247737952479       -0.731300793659766       -0.564876814909950        0.141591475746693E-02
   -0.382247737952479       -0.731300793659766       -0.564876814909950        0.141591475746693E-02
    0.564876814909950        0.382247737952479        0.731300793659766        0.141591475746693E-02
   -0.564876814909950        0.382247737952479        0.731300793659766        0.141591475746693E-02
    0.564876814909950       -0.382247737952479        0.731300793659766        0.141591475746693E-02
   -0.564876814909950       -0.382247737952479        0.731300793659766        0.141591475746693E-02
    0.564876814909950        0.382247737952479       -0.731300793659766        0.141591475746693E-02
   -0.564876814909950        0.382247737952479       -0.731300793659766        0.141591475746693E-02
    0.564876814909950       -0.382247737952479       -0.731300793659766        0.141591475746693E-02
   -0.564876814909950       -0.382247737952479       -0.731300793659766        0.141591475746693E-02
    0.564876814909950        0.731300793659766        0.382247737952479        0.141591475746693E-02
   -0.564876814909950        0.731300793659766        0.382247737952479        0.141591475746693E-02
    0.564876814909950       -0.731300793659766        0.382247737952479        0.141591475746693E-02
   -0.564876814909950       -0.731300793659766        0.382247737952479        0.141591475746693E-02
    0.564876814909950        0.731300793659766       -0.382247737952479        0.141591475746693E-02
   -0.564876814909950        0.731300793659766       -0.382247737952479        0.141591475746693E-02
    0.564876814909950       -0.731300793659766       -0.382247737952479        0.141591475746693E-02
   -0.564876814909950       -0.731300793659766       -0.382247737952479        0.141591475746693E-02
    0.731300793659766        0.382247737952479        0.564876814909950        0.141591475746693E-02
   -0.731300793659766        0.382247737952479        0.564876814909950        0.141591475746693E-02
    0.731300793659766       -0.382247737952479        0.564876814909950        0.141591475746693E-02
   -0.731300793659766       -0.382247737952479        0.564876814909950        0.141591475746693E-02
    0.731300793659766        0.382247737952479       -0.564876814909950        0.141591475746693E-02
   -0.731300793659766        0.382247737952479       -0.564876814909950        0.141591475746693E-02
    0.731300793659766       -0.382247737952479       -0.564876814909950        0.141591475746693E-02
   -0.731300793659766       -0.382247737952479       -0.564876814909950        0.141591475746693E-02
    0.731300793659766        0.564876814909950        0.382247737952479        0.141591475746693E-02
   -0.731300793659766        0.564876814909950        0.382247737952479        0.141591475746693E-02
    0.731300793659766       -0.564876814909950        0.382247737952479        0.141591475746693E-02
   -0.731300793659766       -0.564876814909950        0.382247737952479        0.141591475746693E-02
    0.731300793659766        0.564876814909950       -0.382247737952479        0.141591475746693E-02
   -0.731300793659766        0.564876814909950       -0.382247737952479        0.141591475746693E-02
    0.731300793659766       -0.564876814909950       -0.382247737952479        0.141591475746693E-02
   -0.731300793659766       -0.564876814909950       -0.382247737952479        0.141591475746693E-02
