     1.00000000000000         0.00000000000000         0.00000000000000        0.300679674945394E-02
    -1.00000000000000         0.00000000000000         0.00000000000000        0.300679674945394E-02
     0.00000000000000         1.00000000000000         0.00000000000000        0.300679674945394E-02
     0.00000000000000        -1.00000000000000         0.00000000000000        0.300679674945394E-02
     0.00000000000000         0.00000000000000         1.00000000000000        0.300679674945394E-02
     0.00000000000000         0.00000000000000        -1.00000000000000        0.300679674945394E-02
    0.577350269189626        0.577350269189626        0.577350269189626        0.305062774565077E-02
   -0.577350269189626        0.577350269189626        0.577350269189626        0.305062774565077E-02
    0.577350269189626       -0.577350269189626        0.577350269189626        0.305062774565077E-02
   -0.577350269189626       -0.577350269189626        0.577350269189626        0.305062774565077E-02
    0.577350269189626        0.577350269189626       -0.577350269189626        0.305062774565077E-02
   -0.577350269189626        0.577350269189626       -0.577350269189626        0.305062774565077E-02
    0.577350269189626       -0.577350269189626       -0.577350269189626        0.305062774565077E-02
   -0.577350269189626       -0.577350269189626       -0.577350269189626        0.305062774565077E-02
    0.706896546391232        0.706896546391232        0.243833016693555E-01    0.162110460028899E-02
   -0.706896546391232        0.706896546391232        0.243833016693555E-01    0.162110460028899E-02
    0.706896546391232       -0.706896546391232        0.243833016693555E-01    0.162110460028899E-02
   -0.706896546391232       -0.706896546391232        0.243833016693555E-01    0.162110460028899E-02
    0.706896546391232        0.706896546391232       -0.243833016693555E-01    0.162110460028899E-02
   -0.706896546391232        0.706896546391232       -0.243833016693555E-01    0.162110460028899E-02
    0.706896546391232       -0.706896546391232       -0.243833016693555E-01    0.162110460028899E-02
   -0.706896546391232       -0.706896546391232       -0.243833016693555E-01    0.162110460028899E-02
    0.706896546391232        0.243833016693555E-01    0.706896546391232        0.162110460028899E-02
   -0.706896546391232        0.243833016693555E-01    0.706896546391232        0.162110460028899E-02
    0.706896546391232       -0.243833016693555E-01    0.706896546391232        0.162110460028899E-02
   -0.706896546391232       -0.243833016693555E-01    0.706896546391232        0.162110460028899E-02
    0.706896546391232        0.243833016693555E-01   -0.706896546391232        0.162110460028899E-02
   -0.706896546391232        0.243833016693555E-01   -0.706896546391232        0.162110460028899E-02
    0.706896546391232       -0.243833016693555E-01   -0.706896546391232        0.162110460028899E-02
   -0.706896546391232       -0.243833016693555E-01   -0.706896546391232        0.162110460028899E-02
    0.243833016693555E-01    0.706896546391232        0.706896546391232        0.162110460028899E-02
   -0.243833016693555E-01    0.706896546391232        0.706896546391232        0.162110460028899E-02
    0.243833016693555E-01   -0.706896546391232        0.706896546391232        0.162110460028899E-02
   -0.243833016693555E-01   -0.706896546391232        0.706896546391232        0.162110460028899E-02
    0.243833016693555E-01    0.706896546391232       -0.706896546391232        0.162110460028899E-02
   -0.243833016693555E-01    0.706896546391232       -0.706896546391232        0.162110460028899E-02
    0.243833016693555E-01   -0.706896546391232       -0.706896546391232        0.162110460028899E-02
   -0.243833016693555E-01   -0.706896546391232       -0.706896546391232        0.162110460028899E-02
    0.479468262571203        0.479468262571203        0.734996850587746        0.300570148490175E-02
   -0.479468262571203        0.479468262571203        0.734996850587746        0.300570148490175E-02
    0.479468262571203       -0.479468262571203        0.734996850587746        0.300570148490175E-02
   -0.479468262571203       -0.479468262571203        0.734996850587746        0.300570148490175E-02
    0.479468262571203        0.479468262571203       -0.734996850587746        0.300570148490175E-02
   -0.479468262571203        0.479468262571203       -0.734996850587746        0.300570148490175E-02
    0.479468262571203       -0.479468262571203       -0.734996850587746        0.300570148490175E-02
   -0.479468262571203       -0.479468262571203       -0.734996850587746        0.300570148490175E-02
    0.479468262571203        0.734996850587746        0.479468262571203        0.300570148490175E-02
   -0.479468262571203        0.734996850587746        0.479468262571203        0.300570148490175E-02
    0.479468262571203       -0.734996850587746        0.479468262571203        0.300570148490175E-02
   -0.479468262571203       -0.734996850587746        0.479468262571203        0.300570148490175E-02
    0.479468262571203        0.734996850587746       -0.479468262571203        0.300570148490175E-02
   -0.479468262571203        0.734996850587746       -0.479468262571203        0.300570148490175E-02
    0.479468262571203       -0.734996850587746       -0.479468262571203        0.300570148490175E-02
   -0.479468262571203       -0.734996850587746       -0.479468262571203        0.300570148490175E-02
    0.734996850587746        0.479468262571203        0.479468262571203        0.300570148490175E-02
   -0.734996850587746        0.479468262571203        0.479468262571203        0.300570148490175E-02
    0.734996850587746       -0.479468262571203        0.479468262571203        0.300570148490175E-02
   -0.734996850587746       -0.479468262571203        0.479468262571203        0.300570148490175E-02
    0.734996850587746        0.479468262571203       -0.479468262571203        0.300570148490175E-02
   -0.734996850587746        0.479468262571203       -0.479468262571203        0.300570148490175E-02
    0.734996850587746       -0.479468262571203       -0.479468262571203        0.300570148490175E-02
   -0.734996850587746       -0.479468262571203       -0.479468262571203        0.300570148490175E-02
    0.192753315487802        0.192753315487802        0.962129055136014        0.299099252965377E-02
   -0.192753315487802        0.192753315487802        0.962129055136014        0.299099252965377E-02
    0.192753315487802       -0.192753315487802        0.962129055136014        0.299099252965377E-02
   -0.192753315487802       -0.192753315487802        0.962129055136014        0.299099252965377E-02
    0.192753315487802        0.192753315487802       -0.962129055136014        0.299099252965377E-02
   -0.192753315487802        0.192753315487802       -0.962129055136014        0.299099252965377E-02
    0.192753315487802       -0.192753315487802       -0.962129055136014        0.299099252965377E-02
   -0.192753315487802       -0.192753315487802       -0.962129055136014        0.299099252965377E-02
    0.192753315487802        0.962129055136014        0.192753315487802        0.299099252965377E-02
   -0.192753315487802        0.962129055136014        0.192753315487802        0.299099252965377E-02
    0.192753315487802       -0.962129055136014        0.192753315487802        0.299099252965377E-02
   -0.192753315487802       -0.962129055136014        0.192753315487802        0.299099252965377E-02
    0.192753315487802        0.962129055136014       -0.192753315487802        0.299099252965377E-02
   -0.192753315487802        0.962129055136014       -0.192753315487802        0.299099252965377E-02
    0.192753315487802       -0.962129055136014       -0.192753315487802        0.299099252965377E-02
   -0.192753315487802       -0.962129055136014       -0.192753315487802        0.299099252965377E-02
    0.962129055136014        0.192753315487802        0.192753315487802        0.299099252965377E-02
   -0.962129055136014        0.192753315487802        0.192753315487802        0.299099252965377E-02
    0.962129055136014       -0.192753315487802        0.192753315487802        0.299099252965377E-02
   -0.962129055136014       -0.192753315487802        0.192753315487802        0.299099252965377E-02
    0.962129055136014        0.192753315487802       -0.192753315487802        0.299099252965377E-02
   -0.962129055136014        0.192753315487802       -0.192753315487802        0.299099252965377E-02
    0.962129055136014       -0.192753315487802       -0.192753315487802        0.299099252965377E-02
   -0.962129055136014       -0.192753315487802       -0.192753315487802        0.299099252965377E-02
    0.693035796132712        0.693035796132712        0.198501311223365        0.298217064410760E-02
   -0.693035796132712        0.693035796132712        0.198501311223365        0.298217064410760E-02
    0.693035796132712       -0.693035796132712        0.198501311223365        0.298217064410760E-02
   -0.693035796132712       -0.693035796132712        0.198501311223365        0.298217064410760E-02
    0.693035796132712        0.693035796132712       -0.198501311223365        0.298217064410760E-02
   -0.693035796132712        0.693035796132712       -0.198501311223365        0.298217064410760E-02
    0.693035796132712       -0.693035796132712       -0.198501311223365        0.298217064410760E-02
   -0.693035796132712       -0.693035796132712       -0.198501311223365        0.298217064410760E-02
    0.693035796132712        0.198501311223365        0.693035796132712        0.298217064410760E-02
   -0.693035796132712        0.198501311223365        0.693035796132712        0.298217064410760E-02
    0.693035796132712       -0.198501311223365        0.693035796132712        0.298217064410760E-02
   -0.693035796132712       -0.198501311223365        0.693035796132712        0.298217064410760E-02
    0.693035796132712        0.198501311223365       -0.693035796132712        0.298217064410760E-02
   -0.693035796132712        0.198501311223365       -0.693035796132712        0.298217064410760E-02
    0.693035796132712       -0.198501311223365       -0.693035796132712        0.298217064410760E-02
   -0.693035796132712       -0.198501311223365       -0.693035796132712        0.298217064410760E-02
    0.198501311223365        0.693035796132712        0.693035796132712        0.298217064410760E-02
   -0.198501311223365        0.693035796132712        0.693035796132712        0.298217064410760E-02
    0.198501311223365       -0.693035796132712        0.693035796132712        0.298217064410760E-02
   -0.198501311223365       -0.693035796132712        0.693035796132712        0.298217064410760E-02
    0.198501311223365        0.693035796132712       -0.693035796132712        0.298217064410760E-02
   -0.198501311223365        0.693035796132712       -0.693035796132712        0.298217064410760E-02
    0.198501311223365       -0.693035796132712       -0.693035796132712        0.298217064410760E-02
   -0.198501311223365       -0.693035796132712       -0.693035796132712        0.298217064410760E-02
    0.360830211552009        0.360830211552009        0.860001812127547        0.272156423731099E-02
   -0.360830211552009        0.360830211552009        0.860001812127547        0.272156423731099E-02
    0.360830211552009       -0.360830211552009        0.860001812127547        0.272156423731099E-02
   -0.360830211552009       -0.360830211552009        0.860001812127547        0.272156423731099E-02
    0.360830211552009        0.360830211552009       -0.860001812127547        0.272156423731099E-02
   -0.360830211552009        0.360830211552009       -0.860001812127547        0.272156423731099E-02
    0.360830211552009       -0.360830211552009       -0.860001812127547        0.272156423731099E-02
   -0.360830211552009       -0.360830211552009       -0.860001812127547        0.272156423731099E-02
    0.360830211552009        0.860001812127547        0.360830211552009        0.272156423731099E-02
   -0.360830211552009        0.860001812127547        0.360830211552009        0.272156423731099E-02
    0.360830211552009       -0.860001812127547        0.360830211552009        0.272156423731099E-02
   -0.360830211552009       -0.860001812127547        0.360830211552009        0.272156423731099E-02
    0.360830211552009        0.860001812127547       -0.360830211552009        0.272156423731099E-02
   -0.360830211552009        0.860001812127547       -0.360830211552009        0.272156423731099E-02
    0.360830211552009       -0.860001812127547       -0.360830211552009        0.272156423731099E-02
   -0.360830211552009       -0.860001812127547       -0.360830211552009        0.272156423731099E-02
    0.860001812127547        0.360830211552009        0.360830211552009        0.272156423731099E-02
   -0.860001812127547        0.360830211552009        0.360830211552009        0.272156423731099E-02
    0.860001812127547       -0.360830211552009        0.360830211552009        0.272156423731099E-02
   -0.860001812127547       -0.360830211552009        0.360830211552009        0.272156423731099E-02
    0.860001812127547        0.360830211552009       -0.360830211552009        0.272156423731099E-02
   -0.860001812127547        0.360830211552009       -0.360830211552009        0.272156423731099E-02
    0.860001812127547       -0.360830211552009       -0.360830211552009        0.272156423731099E-02
   -0.860001812127547       -0.360830211552009       -0.360830211552009        0.272156423731099E-02
    0.649848616149617        0.649848616149617        0.394199888605839        0.303351379581114E-02
   -0.649848616149617        0.649848616149617        0.394199888605839        0.303351379581114E-02
    0.649848616149617       -0.649848616149617        0.394199888605839        0.303351379581114E-02
   -0.649848616149617       -0.649848616149617        0.394199888605839        0.303351379581114E-02
    0.649848616149617        0.649848616149617       -0.394199888605839        0.303351379581114E-02
   -0.649848616149617        0.649848616149617       -0.394199888605839        0.303351379581114E-02
    0.649848616149617       -0.649848616149617       -0.394199888605839        0.303351379581114E-02
   -0.649848616149617       -0.649848616149617       -0.394199888605839        0.303351379581114E-02
    0.649848616149617        0.394199888605839        0.649848616149617        0.303351379581114E-02
   -0.649848616149617        0.394199888605839        0.649848616149617        0.303351379581114E-02
    0.649848616149617       -0.394199888605839        0.649848616149617        0.303351379581114E-02
   -0.649848616149617       -0.394199888605839        0.649848616149617        0.303351379581114E-02
    0.649848616149617        0.394199888605839       -0.649848616149617        0.303351379581114E-02
   -0.649848616149617        0.394199888605839       -0.649848616149617        0.303351379581114E-02
    0.649848616149617       -0.394199888605839       -0.649848616149617        0.303351379581114E-02
   -0.649848616149617       -0.394199888605839       -0.649848616149617        0.303351379581114E-02
    0.394199888605839        0.649848616149617        0.649848616149617        0.303351379581114E-02
   -0.394199888605839        0.649848616149617        0.649848616149617        0.303351379581114E-02
    0.394199888605839       -0.649848616149617        0.649848616149617        0.303351379581114E-02
   -0.394199888605839       -0.649848616149617        0.649848616149617        0.303351379581114E-02
    0.394199888605839        0.649848616149617       -0.649848616149617        0.303351379581114E-02
   -0.394199888605839        0.649848616149617       -0.649848616149617        0.303351379581114E-02
    0.394199888605839       -0.649848616149617       -0.649848616149617        0.303351379581114E-02
   -0.394199888605839       -0.649848616149617       -0.649848616149617        0.303351379581114E-02
    0.193294501323034        0.981140782843257         0.00000000000000        0.300794955521853E-02
   -0.193294501323034        0.981140782843257         0.00000000000000        0.300794955521853E-02
    0.193294501323034       -0.981140782843257         0.00000000000000        0.300794955521853E-02
   -0.193294501323034       -0.981140782843257         0.00000000000000        0.300794955521853E-02
    0.981140782843257        0.193294501323034         0.00000000000000        0.300794955521853E-02
   -0.981140782843257        0.193294501323034         0.00000000000000        0.300794955521853E-02
    0.981140782843257       -0.193294501323034         0.00000000000000        0.300794955521853E-02
   -0.981140782843257       -0.193294501323034         0.00000000000000        0.300794955521853E-02
    0.193294501323034         0.00000000000000        0.981140782843257        0.300794955521853E-02
   -0.193294501323034         0.00000000000000        0.981140782843257        0.300794955521853E-02
    0.193294501323034         0.00000000000000       -0.981140782843257        0.300794955521853E-02
   -0.193294501323034         0.00000000000000       -0.981140782843257        0.300794955521853E-02
    0.981140782843257         0.00000000000000        0.193294501323034        0.300794955521853E-02
   -0.981140782843257         0.00000000000000        0.193294501323034        0.300794955521853E-02
    0.981140782843257         0.00000000000000       -0.193294501323034        0.300794955521853E-02
   -0.981140782843257         0.00000000000000       -0.193294501323034        0.300794955521853E-02
     0.00000000000000        0.193294501323034        0.981140782843257        0.300794955521853E-02
     0.00000000000000       -0.193294501323034        0.981140782843257        0.300794955521853E-02
     0.00000000000000        0.193294501323034       -0.981140782843257        0.300794955521853E-02
     0.00000000000000       -0.193294501323034       -0.981140782843257        0.300794955521853E-02
     0.00000000000000        0.981140782843257        0.193294501323034        0.300794955521853E-02
     0.00000000000000       -0.981140782843257        0.193294501323034        0.300794955521853E-02
     0.00000000000000        0.981140782843257       -0.193294501323034        0.300794955521853E-02
     0.00000000000000       -0.981140782843257       -0.193294501323034        0.300794955521853E-02
    0.380049491989930        0.924966152698679         0.00000000000000        0.288196460305531E-02
   -0.380049491989930        0.924966152698679         0.00000000000000        0.288196460305531E-02
    0.380049491989930       -0.924966152698679         0.00000000000000        0.288196460305531E-02
   -0.380049491989930       -0.924966152698679         0.00000000000000        0.288196460305531E-02
    0.924966152698679        0.380049491989930         0.00000000000000        0.288196460305531E-02
   -0.924966152698679        0.380049491989930         0.00000000000000        0.288196460305531E-02
    0.924966152698679       -0.380049491989930         0.00000000000000        0.288196460305531E-02
   -0.924966152698679       -0.380049491989930         0.00000000000000        0.288196460305531E-02
    0.380049491989930         0.00000000000000        0.924966152698679        0.288196460305531E-02
   -0.380049491989930         0.00000000000000        0.924966152698679        0.288196460305531E-02
    0.380049491989930         0.00000000000000       -0.924966152698679        0.288196460305531E-02
   -0.380049491989930         0.00000000000000       -0.924966152698679        0.288196460305531E-02
    0.924966152698679         0.00000000000000        0.380049491989930        0.288196460305531E-02
   -0.924966152698679         0.00000000000000        0.380049491989930        0.288196460305531E-02
    0.924966152698679         0.00000000000000       -0.380049491989930        0.288196460305531E-02
   -0.924966152698679         0.00000000000000       -0.380049491989930        0.288196460305531E-02
     0.00000000000000        0.380049491989930        0.924966152698679        0.288196460305531E-02
     0.00000000000000       -0.380049491989930        0.924966152698679        0.288196460305531E-02
     0.00000000000000        0.380049491989930       -0.924966152698679        0.288196460305531E-02
     0.00000000000000       -0.380049491989930       -0.924966152698679        0.288196460305531E-02
     0.00000000000000        0.924966152698679        0.380049491989930        0.288196460305531E-02
     0.00000000000000       -0.924966152698679        0.380049491989930        0.288196460305531E-02
     0.00000000000000        0.924966152698679       -0.380049491989930        0.288196460305531E-02
     0.00000000000000       -0.924966152698679       -0.380049491989930        0.288196460305531E-02
    0.289955882549957        0.793453785658232        0.535123047718276        0.295835762653570E-02
   -0.289955882549957        0.793453785658232        0.535123047718276        0.295835762653570E-02
    0.289955882549957       -0.793453785658232        0.535123047718276        0.295835762653570E-02
   -0.289955882549957       -0.793453785658232        0.535123047718276        0.295835762653570E-02
    0.289955882549957        0.793453785658232       -0.535123047718276        0.295835762653570E-02
   -0.289955882549957        0.793453785658232       -0.535123047718276        0.295835762653570E-02
    0.289955882549957       -0.793453785658232       -0.535123047718276        0.295835762653570E-02
   -0.289955882549957       -0.793453785658232       -0.535123047718276        0.295835762653570E-02
    0.289955882549957        0.535123047718276        0.793453785658232        0.295835762653570E-02
   -0.289955882549957        0.535123047718276        0.793453785658232        0.295835762653570E-02
    0.289955882549957       -0.535123047718276        0.793453785658232        0.295835762653570E-02
   -0.289955882549957       -0.535123047718276        0.793453785658232        0.295835762653570E-02
    0.289955882549957        0.535123047718276       -0.793453785658232        0.295835762653570E-02
   -0.289955882549957        0.535123047718276       -0.793453785658232        0.295835762653570E-02
    0.289955882549957       -0.535123047718276       -0.793453785658232        0.295835762653570E-02
   -0.289955882549957       -0.535123047718276       -0.793453785658232        0.295835762653570E-02
    0.793453785658232        0.289955882549957        0.535123047718276        0.295835762653570E-02
   -0.793453785658232        0.289955882549957        0.535123047718276        0.295835762653570E-02
    0.793453785658232       -0.289955882549957        0.535123047718276        0.295835762653570E-02
   -0.793453785658232       -0.289955882549957        0.535123047718276        0.295835762653570E-02
    0.793453785658232        0.289955882549957       -0.535123047718276        0.295835762653570E-02
   -0.793453785658232        0.289955882549957       -0.535123047718276        0.295835762653570E-02
    0.793453785658232       -0.289955882549957       -0.535123047718276        0.295835762653570E-02
   -0.793453785658232       -0.289955882549957       -0.535123047718276        0.295835762653570E-02
    0.793453785658232        0.535123047718276        0.289955882549957        0.295835762653570E-02
   -0.793453785658232        0.535123047718276        0.289955882549957        0.295835762653570E-02
    0.793453785658232       -0.535123047718276        0.289955882549957        0.295835762653570E-02
   -0.793453785658232       -0.535123047718276        0.289955882549957        0.295835762653570E-02
    0.793453785658232        0.535123047718276       -0.289955882549957        0.295835762653570E-02
   -0.793453785658232        0.535123047718276       -0.289955882549957        0.295835762653570E-02
    0.793453785658232       -0.535123047718276       -0.289955882549957        0.295835762653570E-02
   -0.793453785658232       -0.535123047718276       -0.289955882549957        0.295835762653570E-02
    0.535123047718276        0.289955882549957        0.793453785658232        0.295835762653570E-02
   -0.535123047718276        0.289955882549957        0.793453785658232        0.295835762653570E-02
    0.535123047718276       -0.289955882549957        0.793453785658232        0.295835762653570E-02
   -0.535123047718276       -0.289955882549957        0.793453785658232        0.295835762653570E-02
    0.535123047718276        0.289955882549957       -0.793453785658232        0.295835762653570E-02
   -0.535123047718276        0.289955882549957       -0.793453785658232        0.295835762653570E-02
    0.535123047718276       -0.289955882549957       -0.793453785658232        0.295835762653570E-02
   -0.535123047718276       -0.289955882549957       -0.793453785658232        0.295835762653570E-02
    0.535123047718276        0.793453785658232        0.289955882549957        0.295835762653570E-02
   -0.535123047718276        0.793453785658232        0.289955882549957        0.295835762653570E-02
    0.535123047718276       -0.793453785658232        0.289955882549957        0.295835762653570E-02
   -0.535123047718276       -0.793453785658232        0.289955882549957        0.295835762653570E-02
    0.535123047718276        0.793453785658232       -0.289955882549957        0.295835762653570E-02
   -0.535123047718276        0.793453785658232       -0.289955882549957        0.295835762653570E-02
    0.535123047718276       -0.793453785658232       -0.289955882549957        0.295835762653570E-02
   -0.535123047718276       -0.793453785658232       -0.289955882549957        0.295835762653570E-02
    0.968412145510396E-01    0.828080150668686        0.552182074349399        0.303602002640709E-02
   -0.968412145510396E-01    0.828080150668686        0.552182074349399        0.303602002640709E-02
    0.968412145510396E-01   -0.828080150668686        0.552182074349399        0.303602002640709E-02
   -0.968412145510396E-01   -0.828080150668686        0.552182074349399        0.303602002640709E-02
    0.968412145510396E-01    0.828080150668686       -0.552182074349399        0.303602002640709E-02
   -0.968412145510396E-01    0.828080150668686       -0.552182074349399        0.303602002640709E-02
    0.968412145510396E-01   -0.828080150668686       -0.552182074349399        0.303602002640709E-02
   -0.968412145510396E-01   -0.828080150668686       -0.552182074349399        0.303602002640709E-02
    0.968412145510396E-01    0.552182074349399        0.828080150668686        0.303602002640709E-02
   -0.968412145510396E-01    0.552182074349399        0.828080150668686        0.303602002640709E-02
    0.968412145510396E-01   -0.552182074349399        0.828080150668686        0.303602002640709E-02
   -0.968412145510396E-01   -0.552182074349399        0.828080150668686        0.303602002640709E-02
    0.968412145510396E-01    0.552182074349399       -0.828080150668686        0.303602002640709E-02
   -0.968412145510396E-01    0.552182074349399       -0.828080150668686        0.303602002640709E-02
    0.968412145510396E-01   -0.552182074349399       -0.828080150668686        0.303602002640709E-02
   -0.968412145510396E-01   -0.552182074349399       -0.828080150668686        0.303602002640709E-02
    0.828080150668686        0.968412145510396E-01    0.552182074349399        0.303602002640709E-02
   -0.828080150668686        0.968412145510396E-01    0.552182074349399        0.303602002640709E-02
    0.828080150668686       -0.968412145510396E-01    0.552182074349399        0.303602002640709E-02
   -0.828080150668686       -0.968412145510396E-01    0.552182074349399        0.303602002640709E-02
    0.828080150668686        0.968412145510396E-01   -0.552182074349399        0.303602002640709E-02
   -0.828080150668686        0.968412145510396E-01   -0.552182074349399        0.303602002640709E-02
    0.828080150668686       -0.968412145510396E-01   -0.552182074349399        0.303602002640709E-02
   -0.828080150668686       -0.968412145510396E-01   -0.552182074349399        0.303602002640709E-02
    0.828080150668686        0.552182074349399        0.968412145510396E-01    0.303602002640709E-02
   -0.828080150668686        0.552182074349399        0.968412145510396E-01    0.303602002640709E-02
    0.828080150668686       -0.552182074349399        0.968412145510396E-01    0.303602002640709E-02
   -0.828080150668686       -0.552182074349399        0.968412145510396E-01    0.303602002640709E-02
    0.828080150668686        0.552182074349399       -0.968412145510396E-01    0.303602002640709E-02
   -0.828080150668686        0.552182074349399       -0.968412145510396E-01    0.303602002640709E-02
    0.828080150668686       -0.552182074349399       -0.968412145510396E-01    0.303602002640709E-02
   -0.828080150668686       -0.552182074349399       -0.968412145510396E-01    0.303602002640709E-02
    0.552182074349399        0.968412145510396E-01    0.828080150668686        0.303602002640709E-02
   -0.552182074349399        0.968412145510396E-01    0.828080150668686        0.303602002640709E-02
    0.552182074349399       -0.968412145510396E-01    0.828080150668686        0.303602002640709E-02
   -0.552182074349399       -0.968412145510396E-01    0.828080150668686        0.303602002640709E-02
    0.552182074349399        0.968412145510396E-01   -0.828080150668686        0.303602002640709E-02
   -0.552182074349399        0.968412145510396E-01   -0.828080150668686        0.303602002640709E-02
    0.552182074349399       -0.968412145510396E-01   -0.828080150668686        0.303602002640709E-02
   -0.552182074349399       -0.968412145510396E-01   -0.828080150668686        0.303602002640709E-02
    0.552182074349399        0.828080150668686        0.968412145510396E-01    0.303602002640709E-02
   -0.552182074349399        0.828080150668686        0.968412145510396E-01    0.303602002640709E-02
    0.552182074349399       -0.828080150668686        0.968412145510396E-01    0.303602002640709E-02
   -0.552182074349399       -0.828080150668686        0.968412145510396E-01    0.303602002640709E-02
    0.552182074349399        0.828080150668686       -0.968412145510396E-01    0.303602002640709E-02
   -0.552182074349399        0.828080150668686       -0.968412145510396E-01    0.303602002640709E-02
    0.552182074349399       -0.828080150668686       -0.968412145510396E-01    0.303602002640709E-02
   -0.552182074349399       -0.828080150668686       -0.968412145510396E-01    0.303602002640709E-02
    0.183343464704166        0.907465826530513        0.378009189874487        0.283218740392630E-02
   -0.183343464704166        0.907465826530513        0.378009189874487        0.283218740392630E-02
    0.183343464704166       -0.907465826530513        0.378009189874487        0.283218740392630E-02
   -0.183343464704166       -0.907465826530513        0.378009189874487        0.283218740392630E-02
    0.183343464704166        0.907465826530513       -0.378009189874487        0.283218740392630E-02
   -0.183343464704166        0.907465826530513       -0.378009189874487        0.283218740392630E-02
    0.183343464704166       -0.907465826530513       -0.378009189874487        0.283218740392630E-02
   -0.183343464704166       -0.907465826530513       -0.378009189874487        0.283218740392630E-02
    0.183343464704166        0.378009189874487        0.907465826530513        0.283218740392630E-02
   -0.183343464704166        0.378009189874487        0.907465826530513        0.283218740392630E-02
    0.183343464704166       -0.378009189874487        0.907465826530513        0.283218740392630E-02
   -0.183343464704166       -0.378009189874487        0.907465826530513        0.283218740392630E-02
    0.183343464704166        0.378009189874487       -0.907465826530513        0.283218740392630E-02
   -0.183343464704166        0.378009189874487       -0.907465826530513        0.283218740392630E-02
    0.183343464704166       -0.378009189874487       -0.907465826530513        0.283218740392630E-02
   -0.183343464704166       -0.378009189874487       -0.907465826530513        0.283218740392630E-02
    0.907465826530513        0.183343464704166        0.378009189874487        0.283218740392630E-02
   -0.907465826530513        0.183343464704166        0.378009189874487        0.283218740392630E-02
    0.907465826530513       -0.183343464704166        0.378009189874487        0.283218740392630E-02
   -0.907465826530513       -0.183343464704166        0.378009189874487        0.283218740392630E-02
    0.907465826530513        0.183343464704166       -0.378009189874487        0.283218740392630E-02
   -0.907465826530513        0.183343464704166       -0.378009189874487        0.283218740392630E-02
    0.907465826530513       -0.183343464704166       -0.378009189874487        0.283218740392630E-02
   -0.907465826530513       -0.183343464704166       -0.378009189874487        0.283218740392630E-02
    0.907465826530513        0.378009189874487        0.183343464704166        0.283218740392630E-02
   -0.907465826530513        0.378009189874487        0.183343464704166        0.283218740392630E-02
    0.907465826530513       -0.378009189874487        0.183343464704166        0.283218740392630E-02
   -0.907465826530513       -0.378009189874487        0.183343464704166        0.283218740392630E-02
    0.907465826530513        0.378009189874487       -0.183343464704166        0.283218740392630E-02
   -0.907465826530513        0.378009189874487       -0.183343464704166        0.283218740392630E-02
    0.907465826530513       -0.378009189874487       -0.183343464704166        0.283218740392630E-02
   -0.907465826530513       -0.378009189874487       -0.183343464704166        0.283218740392630E-02
    0.378009189874487        0.183343464704166        0.907465826530513        0.283218740392630E-02
   -0.378009189874487        0.183343464704166        0.907465826530513        0.283218740392630E-02
    0.378009189874487       -0.183343464704166        0.907465826530513        0.283218740392630E-02
   -0.378009189874487       -0.183343464704166        0.907465826530513        0.283218740392630E-02
    0.378009189874487        0.183343464704166       -0.907465826530513        0.283218740392630E-02
   -0.378009189874487        0.183343464704166       -0.907465826530513        0.283218740392630E-02
    0.378009189874487       -0.183343464704166       -0.907465826530513        0.283218740392630E-02
   -0.378009189874487       -0.183343464704166       -0.907465826530513        0.283218740392630E-02
    0.378009189874487        0.907465826530513        0.183343464704166        0.283218740392630E-02
   -0.378009189874487        0.907465826530513        0.183343464704166        0.283218740392630E-02
    0.378009189874487       -0.907465826530513        0.183343464704166        0.283218740392630E-02
   -0.378009189874487       -0.907465826530513        0.183343464704166        0.283218740392630E-02
    0.378009189874487        0.907465826530513       -0.183343464704166        0.283218740392630E-02
   -0.378009189874487        0.907465826530513       -0.183343464704166        0.283218740392630E-02
    0.378009189874487       -0.907465826530513       -0.183343464704166        0.283218740392630E-02
   -0.378009189874487       -0.907465826530513       -0.183343464704166        0.283218740392630E-02
