     1.00000000000000         0.00000000000000         0.00000000000000        0.952380952380952E-02
    -1.00000000000000         0.00000000000000         0.00000000000000        0.952380952380952E-02
     0.00000000000000         1.00000000000000         0.00000000000000        0.952380952380952E-02
     0.00000000000000        -1.00000000000000         0.00000000000000        0.952380952380952E-02
     0.00000000000000         0.00000000000000         1.00000000000000        0.952380952380952E-02
     0.00000000000000         0.00000000000000        -1.00000000000000        0.952380952380952E-02
    0.577350269189626        0.577350269189626        0.577350269189626        0.321428571428571E-01
   -0.577350269189626        0.577350269189626        0.577350269189626        0.321428571428571E-01
    0.577350269189626       -0.577350269189626        0.577350269189626        0.321428571428571E-01
   -0.577350269189626       -0.577350269189626        0.577350269189626        0.321428571428571E-01
    0.577350269189626        0.577350269189626       -0.577350269189626        0.321428571428571E-01
   -0.577350269189626        0.577350269189626       -0.577350269189626        0.321428571428571E-01
    0.577350269189626       -0.577350269189626       -0.577350269189626        0.321428571428571E-01
   -0.577350269189626       -0.577350269189626       -0.577350269189626        0.321428571428571E-01
    0.459700843380983        0.888073833977115         0.00000000000000        0.285714285714286E-01
   -0.459700843380983        0.888073833977115         0.00000000000000        0.285714285714286E-01
    0.459700843380983       -0.888073833977115         0.00000000000000        0.285714285714286E-01
   -0.459700843380983       -0.888073833977115         0.00000000000000        0.285714285714286E-01
    0.888073833977115        0.459700843380983         0.00000000000000        0.285714285714286E-01
   -0.888073833977115        0.459700843380983         0.00000000000000        0.285714285714286E-01
    0.888073833977115       -0.459700843380983         0.00000000000000        0.285714285714286E-01
   -0.888073833977115       -0.459700843380983         0.00000000000000        0.285714285714286E-01
    0.459700843380983         0.00000000000000        0.888073833977115        0.285714285714286E-01
   -0.459700843380983         0.00000000000000        0.888073833977115        0.285714285714286E-01
    0.459700843380983         0.00000000000000       -0.888073833977115        0.285714285714286E-01
   -0.459700843380983         0.00000000000000       -0.888073833977115        0.285714285714286E-01
    0.888073833977115         0.00000000000000        0.459700843380983        0.285714285714286E-01
   -0.888073833977115         0.00000000000000        0.459700843380983        0.285714285714286E-01
    0.888073833977115         0.00000000000000       -0.459700843380983        0.285714285714286E-01
   -0.888073833977115         0.00000000000000       -0.459700843380983        0.285714285714286E-01
     0.00000000000000        0.459700843380983        0.888073833977115        0.285714285714286E-01
     0.00000000000000       -0.459700843380983        0.888073833977115        0.285714285714286E-01
     0.00000000000000        0.459700843380983       -0.888073833977115        0.285714285714286E-01
     0.00000000000000       -0.459700843380983       -0.888073833977115        0.285714285714286E-01
     0.00000000000000        0.888073833977115        0.459700843380983        0.285714285714286E-01
     0.00000000000000       -0.888073833977115        0.459700843380983        0.285714285714286E-01
     0.00000000000000        0.888073833977115       -0.459700843380983        0.285714285714286E-01
     0.00000000000000       -0.888073833977115       -0.459700843380983        0.285714285714286E-01
