     1.00000000000000         0.00000000000000         0.00000000000000        0.666666666666667E-01
    -1.00000000000000         0.00000000000000         0.00000000000000        0.666666666666667E-01
     0.00000000000000         1.00000000000000         0.00000000000000        0.666666666666667E-01
     0.00000000000000        -1.00000000000000         0.00000000000000        0.666666666666667E-01
     0.00000000000000         0.00000000000000         1.00000000000000        0.666666666666667E-01
     0.00000000000000         0.00000000000000        -1.00000000000000        0.666666666666667E-01
    0.577350269189626        0.577350269189626        0.577350269189626        0.750000000000000E-01
   -0.577350269189626        0.577350269189626        0.577350269189626        0.750000000000000E-01
    0.577350269189626       -0.577350269189626        0.577350269189626        0.750000000000000E-01
   -0.577350269189626       -0.577350269189626        0.577350269189626        0.750000000000000E-01
    0.577350269189626        0.577350269189626       -0.577350269189626        0.750000000000000E-01
   -0.577350269189626        0.577350269189626       -0.577350269189626        0.750000000000000E-01
    0.577350269189626       -0.577350269189626       -0.577350269189626        0.750000000000000E-01
   -0.577350269189626       -0.577350269189626       -0.577350269189626        0.750000000000000E-01
